0	0	0	0	0	0	0	0	0	
0	0	0	0	1.7	0	0	0	0	
0	0	0	0	0	0	0	0	0	
0	0	0	0	0	0	0	0	0	
0	0	0	0	0	0	0	0.07	0	
0	0	0	0	0	0	0	2.04	0	
0	0	0	0	0	0	0	0	0	
0	0	0	0	0	0	0	0	0	
0	0	0	0	0	0	0	0	0	
0	0	0	0	0	0	0	0	0	
0	0	0.24	0	0	0	0	0	0	
0	0	1.8	0	1.8	0	0	0	0	
0	0	1.85	0	0	0	0	0	0	
0	0.08	1.48	0.08	0	0	0	0	0	
0	0	0	0	0	0	0	0	0	
0	0	0	0	0	0	0	0	0	
0	0	5.88	0	0	0	0	0	0	
0	0	0.8	0	0	0	0	0	0	
0	0	3.03	0	0	0	0	0	0	
0	0	0	0	0	0	0	0	0	
0	0	1.27	0	0.63	0	0	0	0	
0	0	0	0	0	0	0	0.58	0	
0	0	0.6	0	0.72	0.06	0.42	0	0	
0	0	1.88	0	1.88	0	0	0	0	
0	0	2.12	0	2.12	0	0	0	0	
0	0	0	0	0	0	0	0	0	
0	0	1.78	0	0	0	0	0	0	
0	0	0	0	0	0	0	0	0	
0	0	0.86	0.86	0	0	0	0	0	
0	0	0	0	0	0	0	0	0	
0	0	0	0	0	0	0	0	0	
0	0	0.27	0	0	0	0	0	0	
0	0	0.75	0	0	0	0	0	0	
0	0	0.39	0	0	0	0	0	0	
0.04	0.12	0.32	0.12	0.2	0	0	0.04	0	
0	0	0	0	0	0	0	0	0	
0.39	0.13	0.52	0.26	0	0	0	0	0	
0	0	1.58	0	1.58	0	0	0	0	
0.21	0	0	0	1.06	0	0	0	0	
0	0	3.57	0	0	0	0	0	0	
0	0	0	0	1.21	0	0	0	0	
0	0	1.41	0	0.94	0	0	0	0	
0	0	1.28	0	1.28	0	0	0	0	
0	0	0	0.29	1.75	0	0	0	0	
0	0	3.76	0	0	0	0	0	0	
0	0	0.91	0	0	0	0	0	0	
0	0	0	0	0	0	0	0	0	
0	0	3.22	0	0	0	0	0	0	
0	0	0	0	0	0	0	0	0	
0	0	0	0	8.69	0	0	0	0	
0	0	0	0	0	0	0	0	0	
0	0	1.75	0	3.5	0	0	0	0	
0	0	0.78	0	0	0	0	0	0	
1.03	0	0.34	0	0.22	0	0	0	0	
0	0	0.67	0.67	1.68	0	0	0	0	
0.22	0.02	0.08	0	0.06	0	0	0	0	
0	0	0.51	0	1.02	0	0	0	0	
0	0	0.32	0	0	0	0	0	0	
0.1	0	0.2	0.1	0	0	0	0	0	
0.23	0	0	0	2.14	0	0	0	0	
0	0	0	0	0	0	0	0.45	0	
0	0	0	0	0	0	0	0	0	
0.16	0	0	0	0	0	0	0	0	
0	0	0	0	0	0	0	0	0	
0	0	0	0.37	0	0	0	0	0	
0	0	0	0	0	0	0	0	0	
0	0	0.61	0	0	0	0	0	0	
0	0	0	0	0	0	0	0	0	
0	0	3.92	0	0	0	0	0	0	
0	0	0	0	0	0	0	0	0	
0	0	0	0	0	0	0	0	0	
0	0	0.13	0.06	0	0	0	0	0	
0	0	0.19	0	0.38	0	0	0	0	
0	0.07	0.46	0.46	0.38	0	0	0	0	
0	0	0	0	0	0	0	0	0	
0	0	1.38	0	0.69	0	0	0	0	
0	0	0	0	0	0	0	0	0	
0	0	1.07	0	0	0	0	0	0	
0.91	0	0.3	0	0	0	0	0	0	
0	0	0.93	0	0	0	0	0	0	
0	0	0.25	0	0	0	0	0	0	
0.05	0.11	0.56	0.05	0.73	0	0	0.05	0	
0.14	0	0.43	0	0.14	0	0	0	0	
0.29	0	0	0	0.29	0	0	0	0	
0	0	0	0	0	0	0	0	0	
0	0	0	0	0	0	0	0	0	
0	0	0	0	0	0	0	0	0	
0	0	0	0	0	0	0	0	0	
0	0.1	0.96	0.1	0	0	0	0	0	
0	0	0	0	0	0	0	0	0	
0	0	1.01	0	1.01	0	0	0	0	
0	0	0.34	0	2.04	0	0	0	0	
0	0	0.73	0	0	0	0	0	0	
0	0	4.54	0	0	0	0	0	0	
0	0	0	0	0	0	0	0	0	
0	0	0	0	0	0	0	0	0	
0	0	0.26	0	2.6	0	0	0	0	
0	0	0.62	0	0	0	0	0	0	
0	0	0.96	0	0.48	0	0	0	0	
0	0	3.23	0	0	0	0	0	0	
0	0	0	0	0	0	0	0	0	
0	0	0.6	0	0.85	0.05	0	0	0	
0	0	1.85	0	0	0	0	0	0	
0	0	0.27	0	2.73	0	0	0	0	
0.05	0	0.41	0.03	0.07	0.01	0	0.11	0	
0.16	0	0.67	0	0.42	0	0.08	0	0	
0	0	1	0	1	0	0	0	0	
0	0	0	0	0	0	0	0	0	
0	0	2.13	0	0	0	0	0	0	
0	0	0	0	0	0	0	0	0	
0	0	0	0	0	0	0	0	0	
0	0	0.92	0.46	2.76	0	0.69	0	0	
0	0	0	0	0	0	0	0	0	
0	0	0	0.89	0	0	0	0	0	
0	0	1.72	0	1.72	0	0	0	0	
0	0	2.32	0	1.16	0	0	0	0	
0	0	0	0	0	0	0	0	0	
0	0	0	0	0	0	0	0	0	
0.59	0	0	0	1.77	0	0	0	0	
0	0	1.73	0	0	0	0	0	0	
0.62	0	0.2	0	0	0	0	0	0	
0	0	0	0	0	0	0	0	0	
0	0	0	0	0.25	0	0	0	0	
0.62	0	0.16	0	0.16	0	0	0	0	
0	0	0.71	0	0.35	0	0	0	0	
0	0.25	0	0.25	2.31	0	0	0	0	
0	0	0	0	0	0	0	0	0	
0	0	1.38	0	1.38	0	0	0	0	
0	0	0	0	0	0	0	0	0	
0	0	1.52	0	0	0	0	0	0	
0	0	2.77	0	0	0	0	0	0	
0	0	0	0	0	0	0	0	0	
0	0	0	0	0	0	0	0	0	
0	0	0.42	0	0.42	0	0.42	0	0	
0	0	0	0	0	0	0	0	0	
0	0	0	0	0	0	0	0	0	
0	0	0	0	0	0	0	0	0	
0	0	1.4	0	1.4	0	0	2.11	0	
0.14	0	0.43	0	0.14	0	0	0	0	
0.13	0	0.78	0.26	0	0.13	0	0	0	
0	0	0	0	0	0	0	0	0	
0	0	0	0.33	0.33	0	0	0	0	
0	0	0.42	0.42	0.42	0	0	0	0	
0	0	0	0	0	0	0	0	0	
0	0	0	0	0	0	0	0	0	
0	0	0	0	0	0	0	0	0	
0	0	0.81	0	0	0	0	0	0	
0	0	2.15	0	0	0	0	0	0	
0	0	0.26	0.06	0.46	0	0	0	0	
0	0	5.12	0	0	0	0	0	0	
0	0.38	0.19	0	0.38	0	0	0.19	0	
0	0	0	0	0	0	0	4.54	0	
0	0	0	0	0	0	0	0	0	
0	0	0	0	0	0	0	0	0	
0	0	0	0	0	0	0	0	0	
0	0	0	0	0	0	0	0	0	
0.22	0	0	0.22	1.56	0	0	0	0	
0	0	0	0	0	0	0	0	0	
0	0	0	0	0	0	0	0	0	
1.18	0	0.52	0	0.26	0	0	0	0	
0.44	0	0.22	0.04	0.08	0	0	0	0	
0	0.28	0	0	1.72	0	0	0	0	
0.66	0	0.33	0.04	0.14	0	0	0	0	
0	0	1.14	0	0	0	0	0	0	
0	0	3.22	0	0	0	0	0	0	
0	0	0.4	0.1	0	0.1	0	0	0	
0	0	0.97	0	0	0	0	0	0	
0	0	2.46	0	0	0	0	0	0	
0	0	0.81	0	1.62	0	0	0	0	
0	0	0	0	0	0	0	0	0	
0.27	0	0.81	0	0.81	0	0	0	0	
0	0	1.12	0	0	0	0	0	0	
0	0	0.72	1.81	1.09	0	0.72	0	0	
0	0	0	2.38	0	0	0	0	0	
0	0	0	0	0	0	0	0	0	
0	0	0.81	0	0.27	0	0	0.27	0	
0	0	0	0	0	0	0	0	0	
0	0	0.84	0	0	0	0	0	0	
0	0	0	0	0	0	0	0	0	
0	0	0	0	0.87	0	0	0	0	
0	0	0	0.48	0	0	0	0	0	
0	0	0	0	0	0	0	0	0	
0	0	0.45	0	0	0	0	0	0	
0	0	0	0	0	0	0	0	0	
0	0	0	0	0	0	0	0.76	0	
0	0	0	0	1.23	0	0	0	0	
0.23	0	0	0	0	0	0	0.23	0	
0	0	0	0	0	0	0	0	0	
0	0	0	0	0	0	0	0	0	
0	0	0	0	1.02	0	0	0	0	
0	0	0	0	0	0	0	0	0	
0	0	2.32	0.46	0.46	0	0	0	0	
0	0	0	0	0	0	0	0.58	0	
0	0	0	0	0	0	0	0	0	
0	0	0	0	0.51	0	0	0.51	0	
0	0	0.85	0	0.85	0	0	0	0	
0	0	0	0	0.52	0	0	0.52	0	
0	0	1.19	0	0	0	0	0.39	0	
0	0	2.58	0	0	0	0	0	0	
0	0	0	0	0	0	0.58	0	0	
0	0.34	0	0	2.06	0	0	0.34	0	
0	0	0	0	0	0	0	0	0	
0	0	0.15	0	0.61	0	0	0.15	0	
0.29	0	0.29	0	0.29	0	0	0	0	
0.43	0	2.17	0	0	0	0	0	0	
0	0	0.55	0	0.55	0	0	0.55	0	
0	0	1.49	0	0	0	0	0	0	
0	0	0.89	0	0	0	0	0	0	
0	0	0.9	0	0.6	0	0	0	0	
0	0	0	0	0	0	0	0	0	
0	0	0.35	0	0.71	0	0	0	0	
0	0	0	0	0	0	0	0	0	
0	0	0	0	0	0	0	0	0	
0	0	0	0	0.65	0	0	0	0	
0.36	0.36	3.32	0	0.36	0	0	0	0	
0	0	1.67	0	0	0	0	0	0	
0	0	0	0	0	0	0	0	0	
0	0	0	0	0.87	0	0	0	0	
0	0	0	0	0	0	0	0	0	
0	0	0	0	0	0	0	0	0	
0	0	1.58	0	0	0	0	0	0	
0	0	0	0	0	0	0	0	0	
0	0	0	0	0.56	0	0	0.28	0	
0	0	0	0	0	0	0	0	0	
0	0	0	0	0	0	0	0	0	
0	0	0	0	0.7	0	0	0.35	0	
1.55	0	0.51	0	0	0	0	0	0	
0	0	0.45	0	3.18	0	0	0	0	
0	0	0	0	0	0	0	0	0	
0	0	0	0	1.08	0	0	0	0	
0	0.1	0.8	0	0	0	0	0	0	
0	0	0.67	0	0	0	0	0	0	
0	0	0.9	0	0	0	0	0	0	
0	0	0	0	0	0	0	0	0	
0	0	0.34	0	0	0	0	0	0	
0	0	1.6	0	0	0	0	0	0	
0	0	0	0	3.7	0	0	0	0	
0	0	0	0	0.76	0	0	0	0	
0	0	0	0	0	0	0	0	0	
0	0	0	0	3.33	0	0	1.11	0	
0	0	0	0	0	0	0	3.57	0	
0	0	0	0	4.44	0	0	0	0	
0	0	0	0	0	0	0	0	0	
0	0	0	0	0.33	0	0	0.66	0	
0	0	1	0.2	0	0	0	0	0	
0	0	0	0	4.16	0	0	0	0	
0	0	1.31	0	0	0	0	1.31	0	
0.66	0	0.22	0	0.88	0	0	0	0	
1.55	0	0.51	0	0	0	0	0	0	
0.34	0	1.02	0	0.68	0	0	0.34	0	
0	0	0	0	0	0	0	0	0	
0	0	0	0	0	0	0	0	0	
0	0	0	0	0	0	0	0	0	
0	0	0	0	0	0	0	0.93	0	
0	0	0	0	0	0	0	0	0	
0	0	0	0	0	0	0	0	0	
0	0	0	0	2.27	0	0	0	0	
0	0	0	0	0	0	0	0	0	
0.66	0	2	0	1.33	0	0	0	0	
0	0	0	0	0	0	0	0	0	
0	0	0	0	0.34	0	0	0.68	0	
0	0	0	0	0	0	0	0	0	
0	0	0	0	0	0	0	0	0	
0	0	0	0	2.38	0	0	0	0	
0	0	0	0	0	0	0	0	0	
0	0	1	0	0	0	0	0	0	
0	0	0.86	0	0	0	0	0	0	
0.08	0.08	0.25	0	0.6	0.25	0	0	0	
0	0	2.1	0	2.1	0	0	0	0	
0	0	0.59	0	0	0	0	0	0	
0.27	0	0.82	0.27	0.54	0	0	0	0	
0	0	1.61	0	0.8	0	0	0	0	
0	0	1.69	0	1.69	0	0	0	0	
0	0	1.6	0	0	0	0	0	0	
0	0	0	0	0.46	0	0	0.46	0	
0	0	1.76	0	0	0	0	0	0	
0	0	0	0	0	0	0	0	0	
0	0	0.68	0	0	0	0	0	0	
0	0	0.59	0	0	0	0	0	0	
0	0	1.67	0	1.67	0	0	0	0	
0	0	0	0	0	0	0	0	0	
1.81	0	0	0	1.81	0	0	0	0	
0.16	0	0.66	0	0.16	0	0	0.16	0	
0	0	0.33	0	0.33	0	0	0	0	
0	0	0.08	0	0	0	0	0	0	
0.1	0	0.5	0	0	0	0	0	0	
0	0	0	0	0.85	0	0	0	0	
0	0	0	0	0	0	0	0	0	
0.23	0	0.92	0	0.23	0	0	0	0	
0	0	1	0.08	0	0	0	0	0	
0	0	0	0	0	0	0	0.54	0	
0	0	3.03	0	0	0	0	0	0	
0	0	0	0	0	0	0	0	0	
0	0	0	0	0	0	0	0	0	
0	0	0	0	0	0	0	0	0	
0	0	0.89	0	0	0	0	0	0	
0	0	2.17	0	0	0	0	0	0	
0.23	0	0	0	0.69	0	0	0	0	
0	0	0	0	0	0	0	0	0	
0	0	0	0	0	0	0	0	0	
0	0	0	0	0	0	0	0	0	
0	0	0	0.08	0.08	0	0	0	0	
0.87	0	0.29	0	0.19	0	0	0	0	
0	0	0.73	0.09	0	0.36	0.09	0	0	
0.52	0	0.15	0	0.15	0	0	0	0	
0	0	0	0	0	0	0	0	0	
0.29	0	0	0	0.59	0	0	0	0	
0	0	1.84	0	0.46	0	0	0.92	0	
0	0.45	1.12	0.22	1.35	0	0	0	0	
0	0	0.16	0	2.31	0.33	0	0	0	
0	0	0	0	0	0	0	0	0	
0	0	0.71	0.35	1.06	0	0	0.17	0	
0	0	0	0	0	0	0	0	0	
0	0	0.79	0	0	0	0	0	0	
0	0	0.73	0.14	0.07	0	0	0	0	
0	0	0	0	0	0	0	0	0	
0	0	0	0	0	0	0	0	0	
0	0	0.26	0.52	0	0	0	0.26	0	
0	0	0.91	0.6	1.82	0	0	0	0	
0	0	0	0	0.81	0	0	0	0	
0	0	1.07	0	0.46	0	0	0	0	
0	0	0	0	1.69	0	0	0	0	
0	0	0	0	0	0	0	0	0	
0	0	0	0	0	0	0	0	0	
0	0	0	0	0	0	0	0	0	
0	0	0	0	0	0	0	0	0	
0	0	0	0	0	0	0	0	0	
0	0	3.57	0	0	0	0	0	0	
0	0	0	0	0	0	0	0.09	0	
0	0	1.62	0	0	0	0	0	0	
0	0	0	0	0	0	0	0	0	
0	0	0	0	0	0	0	0	0	
0	0	0	0	0	0	0	0	0	
0	0	0	0	0	0	0	0	0	
0.78	0	0.78	0	0	0	0	0	0	
0	0	0	0	0	0	0	0	0	
0	0	0	0	0.94	0	0	0	0	
0	0	0	0	0	0	0	1.85	0	
0	0	4.76	0	0	0	0	0	0	
0	0	0	0	0	0	0	0	0	
0	0	0	0	0	0	0	0	0	
0	0	3.66	0.09	0.45	0	0	0	0	
0	0	3.92	0	0	0	0	0	0	
0	0	0	0	0	0	0	0	0	
0	0	0	0	0	0	0	0	0	
0	0	0	0	0	0	0	0	0	
0	0	3.39	0.17	0	0	0	0	0	
0	0	0	0	0	0	0	0	0	
0	0	1.39	0	0	0	0	0	0	
0	0	0.82	0	0	0	0	0	0	
0.31	0.31	0.31	0	0.63	0	0	0	0	
0	0.14	1.43	0.07	0	0	0	0	0	
0	0	0.72	0	0	0	0	0	0	
0.32	0	0.65	0	2.63	0	0	0	0	
0	0.9	0	0	0	0	0	0	0	
0	0	0	0	0	0	0	0	0	
0	0	0	0	2.7	0	0	0	0	
0	0	0.3	0	0	0	0	0	0	
0.6	0	0	0	1.21	0	0	0.6	0	
0	0	0.74	0	0	0	0	0	0	
0	0	1.83	0	0	0	0	0	0	
0	0	1.71	0	0	0	0	0	0	
0.22	0	0	0	0.67	0	0	0	0	
0	0	0	0	0	0	0	0	0	
0.08	0	0.8	0.04	0.63	0.08	0	0	0	
0.24	0	0	0	0.74	0	0	0	0	
0	0	3.09	0	0	0	0	0	0	
0	0	0	0	0	0	0	0	0	
0	0.5	2	0	3	0	0	0	0	
0	0	0.77	0	0	0	0	0	0	
0	0	0	0	0	0	0	0	0	
0	0	0	0	0	0	0	0	0	
0.01	0.03	0.45	0.03	0.03	0.01	0	0.03	0	
0	0	0.59	0	1.19	0	0	0	0	
0	0	0	0	0	0	0	0	0	
0	0	1.57	0	0	0	0	0	0	
0	0	0.29	0	0.29	0	0	0	0	
0	0	0	0	0	0	0	0	0	
0	0	0	0	0	0	0	0	0	
0	0	0	0	0	0	0	0	0	
0	0	0	0	0	0	0	0	0	
0	0	1.72	0	0	0	0	0	0	
0	0	4.54	0	0	0	0	0	0	
0	0	0.99	0	1.98	0	0	0	0	
0	0	0	0	0	0	0	0	0	
0	0	0	0	0	0	0	0	0	
0	0	0.72	0	2.18	0	0	0.72	0	
0	0	0.58	0.58	2.35	0	0	0.58	0	
0	0	0	0.73	0.73	0	0	0.73	0	
0	0	0	1.41	0	0	0	0	0	
0	0	0	2.5	2.5	0	0	0	0	
0	0	0	0	0.52	0	0	0.52	0	
0	0	0	0	0	0	0	0	0	
0	0	1.29	0	0	0	0	0	0	
0	0	0	0	0	0	0	0	0	
0	0	0.33	0	0	0	0	0	0	
0	0	0	0	0	0	0	0	0	
0	0	0	0	0	0	0	0	0	
0	0	0.4	0	0.4	0	0	0	0	
0	0	0	0	0.5	0	0	0.5	0	
0	0	0.75	0	0.75	0	0	0	0	
0	0	0.28	0.57	0.57	0	0	0	0	
0	0	0	0	0	0	0	0	0	
0	0	0	0	0	0	0	0	0	
0	0	0	0	0	0	0	0	0	
0	0	0	0	0	0	0	0.99	0	
0.27	0	0.27	0	0.54	0	0	0	0	
0	0	0	0	0	0	0	0	0	
0	0	0.96	0	0	0	0	0.48	0	
0	0	3.33	0	0	0	0	0	0	
0	0	0	0	0	0	0	0	0	
0	0	0.21	0.21	0.43	0	0	0.21	0	
0	0	0	0	0	0	0	0	0	
0	0	0	0.85	0.85	0	0	0	0	
0	0	0	0.11	0	0.11	0	0	0	
0	0	0	0	1.35	0	0	0	0	
0	0	0	0	0	0	0	0.39	0	
0.15	0.15	2.76	0	0	0	0	0	0	
0	0	0	0	0	0	0	1.08	0	
0	0	0	0	1.23	0	0	0	0	
0	0	2.4	0	0	0	0	0	0	
0	0	0	0	0	0	0	0	0	
0	0	0	0	0	0	0	0	0	
0	0	0	0	0	0	0	0	0	
0	0	0.32	0	0	0	0	0	0	
0	0	0	0	0	0	0	0	0	
0	0	1.1	0.13	0	0	0	0	0	
0	0	0	0	0	0	0	0	0	
0	0	1.44	0	0	0	0	0	0	
0	0	0	0	0	0	0	0	0	
0	0	3.79	0	0	0	0	0	0	
0	0	0.42	0	0	0	0	0	0	
0	0	0	0	0	0	0	0	0	
0	0	0	0	0	0	0	0	0	
0	0	0.62	0	0	0	0	0	0	
0	0	0	0	0	0	0	0	0	
0	0	0	0	1.38	0	0	1.38	0	
0	0	0	0	2.5	0	0	0	0	
0	0	1.27	0.19	0	0.29	0	0	0	
0	0	0.44	0	0	0	0	0.22	0	
0	0	0	0	0	0	0	0	0	
0	0	0	0	0	0	0	0	0	
0.09	0.09	0.59	0	0.98	0.09	0	0.09	0	
0	0	0	0.32	0	0	0	0	0	
0	0	0.45	0	1.36	0	0	0	0	
0	0	0.76	0	0	0	0	0	0	
0	1.1	0.44	0	2.21	0	0	0.22	0	
0	0	0	0	0	0	0	0	0	
0	0	0.55	0	0	0	0	0	0	
0	0	0.34	0.11	0.57	0.05	0	0	0	
0	0	0.93	0	0	0	0	0	0	
0	0	1.02	0	0	0	0	0	0	
0	0	0	0	0	0	0	0	0	
0	0	0.85	0	0	0	0	0	0	
0	0	3.57	0	0	0	0	0	0	
0	0	0	0	0	0	0	0	0	
0	0	0.19	0	0	0	0	0	0	
0	0	0	0	0	0	0	4.16	0	
0	0	0	0	0	0	0	0	0	
0	0	0	0	0	0	0	0	0	
0	0	0	0	0	0	0	0	0	
0	0	0	0	0	0	0	0	0	
0	0	0	0	0	0	0	0	0	
0.55	0	0	0	1.65	0	0	0.55	0	
0	0	0	0	0.58	0	0	0.58	0	
0	2	2	0	8	0	0	0	0	
0	0	0.79	0	0	0	0	0	0	
0	0	0	0	0	0	0	0	0	
0	0	0.33	0	0.33	0	0	0	0	
0	0	0	0	0	0	0	0	0	
0	0	0.24	0	0.49	0	0	0.24	0	
0	0	0.73	0	0	0	0	0.73	0	
0	0	0	0	0.31	0	0	0.15	0	
0	0	0	0	0	0	0	0	0	
1.11	0	0.37	0	0.24	0	0	0	0	
0	0	0	0	0.69	0	0	0	0	
0	0	0	0	0	0	0	0	0	
0	0	0	0	0	0	0	0.63	0	
0.16	0	0	0	0.16	0	0	0	0	
0	0.03	0.77	0.07	0.25	0	0	0	0	
0	0	0	0	6.66	0	0	0	0	
0.02	0	0.27	0	0.06	0	0	0	0	
0	0	0	0	0	0	0	0	0	
0	0	0	0	0	0	0	0	0	
0	0	1.03	0	0	0	0	0	0	
0	0	0.46	0	0.65	0	0	0	0	
0	0	2.46	0	1.23	0	0	0	0	
0	0	0.57	0	0.57	0	0	0	0	
0	0	0	1.08	0	0	0	0	0	
0	0	4.16	0	0	0	0	0	0	
0	0	2.22	0	0	0	0	0	0	
0.48	0.48	0	0	2.88	0.96	0	0	0	
0.48	0.48	0	0	2.88	0.96	0	0	0	
0	0	0	0	1.78	0	0	0	0	
0	0	0	0	0	0	0	0	0	
0	0.31	0.31	0	0.47	0	0	0.15	0	
0	0	0.43	1.29	0.43	0	0	0	0	
0	0.25	0.37	0.12	0.12	0.12	0	0	0	
0	0	0.61	0	0	0	0	0.61	0	
0	0	1.29	0	0	0	0	0	0	
0	0	0.33	0	0.66	0	0	0	0	
0.26	0	2.14	0	1.6	0	0	0.26	0	
0	0	0	0	0.74	0	0	0	0	
0	0.09	1.04	0	0.04	0	0	0	0	
0	0	7.69	0	0	0	0	0	0	
0	0	1.65	0	0	0	0	0	0	
0	0	0.37	0	0	0	0	0	0	
0	0	0	0	0	0	0	0	0	
0	0	0.12	0.12	0.25	0	0	0	0	
0	0	0.1	0	0	0	0	0.1	0	
0	0	4.16	0	0	0	0	0	0	
0	0	0.25	0.51	1.53	0	0	0	0	
0	0	0	0	1.35	0	0	0	0	
0	0	0	0	0	0	0	0	0	
0	0	0	0	0	0	0	2.27	0	
0	0	2.22	0	0	0	0	0	0	
1.12	0	0.37	0	0.24	0	0	0	0	
0.82	0	0.24	0	0.16	0	0	0	0	
0	0	1.2	0	0	0	0	0	0	
0.56	0	0.31	0	0.18	0	0	0.06	0	
0	0	0.49	0	0	0	0	0	0	
0	0	0.49	0	0	0	0	0	0	
0	0	0	0	0	0	0	0	0	
0	0	0	0.31	0	0	0	0	0	
0	0	1.11	0	0	0	0	0	0	
0	0	0	0.4	0	0	0	0	0	
0	0	0	0	1.38	0	0	0	0	
0	0	4.76	0	0	0	0	0	0	
0	0	1.47	0	0.73	0	0	0	0	
0	0.08	0.87	0.08	0	0	0	0	0	
0	0	3.7	0	0	0	0	0	0	
0	0	0	0	0	0	0	0.87	0	
0.03	0	0.25	0.11	0.15	0.07	0	0.05	0	
0	0	0	0	0	0	0	0	0	
0	0	0	0	2.27	0	0	0	0	
0	0	0.73	0.73	0	0	0	0	0	
1.61	0	0	0	0	0	0	0	0	
0	0	2.63	0	1.31	0	0	0	0	
0	0	0	0	0	0	0	0	0	
0	0	0.88	0	0.44	0	0	0.44	0	
0	0	5.26	0	0	0	0	0	0	
0	0	0.47	0	0	0	0	0	0	
0	0	0	0	0	0	0	0	0	
0	0	0	0	0	0	0	0	0	
0	0	1.8	0	0.9	0	0	0	0	
0	0	0	0	0	0	0	0	0	
0	0	0.48	0	0	0	0	0	0	
0	0.11	0.44	0	0.11	0	0	0	0	
0.27	0	2.16	0	1.62	0	0	0.27	0	
0	0	1.48	0	0	0	0	0	0	
0	0	0.18	0	0	0	0	0	0	
0	0	0	0	0	0	0	0	0	
0	0	3.63	1.81	0	0	0	0	0	
0	0	4.16	0	0	0	0	0	0	
0	0	0	0	0	0	0	0	0	
0	0	0	0	0.77	0	0.77	0	0	
0	0	4.61	0	1.53	0	0	0	0	
3.23	0.29	0.88	0	2.64	0	0	0	0	
0	0	3.44	0	0	0	0	0	0	
0	0	0	0	0	0	0	0	0	
0	0.61	0.61	0	0	0	0	0	0	
0	0.26	0	0	0	0	0	0	0	
0	0	0	0	0	0	0	0	0	
0	0	0	0	0	0	0	0	0	
0	0	0	0	0	0	0	0	0	
0	0	0	0	0	0	0	0	0	
0.08	0	0.43	0.08	0	0.08	0	0	0	
0	0	0	0	0	0	0	0	0	
0	0	0	2.56	0	0	0	0	0	
0	0	0	1.01	0	0	0	0	0	
0	0	1.06	0	0	0	0	0	0	
0	0.54	0.54	0.54	1.09	0	0	0	0	
0	0	1.09	0	0	0	0	0	0	
0	0	0	0	4.16	0	0	0	0	
0	0	0	0	0	0	0	0	0	
0	0	0	0	0	0	0	0	0	
0	0	0	0	0	0	0	0	0	
0	0	0	0	0	0	0	0	0	
0	0	0.39	0	0.39	0	0	0.39	0	
0	0.05	0.48	0	1.08	0.21	0.05	0	0	
0	0	0.19	0	1.23	0.25	0.06	0	0	
0	0	0	0	0.97	0	0	0	0	
0	0	0.34	0.17	0	0	0	0	0	
0	0	0	0	0	0	0	0	0	
0	0	1.49	0	0	0	0	0	0	
0	0	0	0	0	0	0	0	0	
0	0	2.88	0	0	0	0	0	0	
0	0	0	0	1.35	0	0	0.45	0	
0	0	0.36	0.18	0.36	0	0	0	0	
0	0	0	0	1.03	0	0	0	0	
0	0	1.45	0	0	0	0	0	0	
0	0	0	0	0	0	0	0.82	0	
0	0	0.34	0.34	0.34	0	0	0	0	
0	0	0	0	0	0	0	0	0	
0	0	0	0	0	0	0	0	0	
0	0	0	0	0.9	0	0	0	0	
2.29	0	0.76	0	0	0	0	0.76	0	
0	0	0	0	0	0	0	0	0	
0	0	0	0	0	0	0	0	0	
0	0	0.46	0	0	0	0	0	0	
0	0	1.09	0	0.54	0	0	0	0	
0	0	1.34	0.07	0	0.07	0	0	0	
0	0	0	0	0	0	0	0	0	
0	0	0.99	0	0	0	0	0	0	
0	0	0	0	4.47	0	0	0	0	
0	0	1.07	0	0.26	0	0	0.53	0	
0	0	0	0	0	0	0	0	0	
0	0	0.58	0	0	0	0	0.58	0	
0	0	0.31	0	0.31	0	0	0	0	
1.08	0	0.36	0	0.24	0	0	0	0	
0.49	0	0.27	0	0.1	0	0	0	0	
0	0	1.07	0	0	0	0	0	0	
0	0	0	0.37	1.87	0	0	0.37	0	
0	0	0	0	0	0	0	0.73	0	
0	0	0	0.68	2.06	0	0	0	0	
0	0	0	0	1.12	0	0	0	0	
0	0	0	0	4.34	0	0	0	0	
0	0	0	0	0	0	0	0	0	
0	0	0	0	4.02	0	0	0	0	
0	0	0.24	0.24	0.24	0	0	0	0	
0	0	3.22	0	0	0	0	0	0	
0	0	0	0	0	0	0	0	0	
0	0	0.68	0	0	0	0	0	0	
0	0	0	0	0	0	0	0	0	
0	0	0	0	0	0	0	0	0	
0	0	1.58	0	0.79	0	0	0	0	
0	0	1.04	0	0	0	0	0	0	
0	0	0	0	0	0	0	0	0	
1.28	0	0	0	0	0	0	1.28	0	
0	0	0	0	2.54	0	0	0	0	
0	0	0	0	1.51	0	0	0	0	
0	0	0	0.48	0	0	0	0	0	
1.28	0	0.38	0	0.25	0	0	0	0	
0.76	0	0.25	0	0.16	0	0	0	0	
0	0	0.89	0	2.67	0	0	0	0	
0	0	0.37	0	0.24	0	0	0.24	0	
0	0	0	0	0	0	0	0.75	0	
0.31	0	1.06	0.21	0	0.21	0	0.1	0	
0	0	0.61	0	1.22	0	0	0.61	0	
0	0	3.12	0	0	0	0	0	0	
0	0	0	0	1.33	0	0	0	0	
0	0	0	0	0	0	0	0	0	
0	0	1.54	0	0	0	0	0	0	
0	0	0.89	0	0	0	0	0	0	
0	0	0.78	0	0	0	0	0	0	
0	0	0	0	0	0	0	0	0	
0	0	0	0	1.75	0	0	0	0	
0	0	1.36	0	2.73	0	0	0	0	
0	0	0	0	0	0	0	0	0	
0	0	1.4	0	1.4	0	0	2.11	0	
0	0	0.3	0	0.3	0	0	0.15	0	
0	0	1.04	0.2	2.29	0.2	1.04	0	0	
0	0	0	0	0	0	0	0.32	0	
0	0	0	0	0	0	0	0	0	
0	0	0	0	0	0	0	0	0	
0	0	0	2.22	0	0	0	0	0	
0.28	0	3.08	0.14	0	0	0	0	0	
0	0	0	0	0	0	0	0	0	
0	0	0	0	0	0	0	0	0	
0	0	0	0	0	0	0	0	0	
0	0	0	5.55	0	0	0	0	0	
0	0	0	0	0	0	0	0	0	
0	0	0	0	0	0	0	0	0	
0	0	0	0	0	0	0	0	0	
0	0	0	0	0	0	0	0	0	
0	0	0	0	0	0	0	0	0	
0	0	1.26	0	0	0	0	0	0	
0	0.77	0.25	0	0.51	0	0	0	0	
0	0	0	0	0	0	0	0	0	
0	0	1.53	0	0	0	0	0.38	0	
0	2	2	0	8	0	0	0	0	
0	0	0	0	0.58	0	0	0.58	0	
0	2	2	0	8	0	0	0	0	
0	0	0.79	0	0	0	0	0	0	
0	0	0	0	0	0	0	0	0	
0	0	0.33	0	0.33	0	0	0	0	
0	0	0	0	0	0	0	0	0	
0	0	0	0	6.66	0	0	0	0	
0.34	0	1.02	0	0.68	0	0	0.34	0	
0	0	0	0	0	0	0	0	0	
0	0	0	0	0	0	0	0	0	
0	0	0	0	0	0	0	0.93	0	
0	0	0	0	0	0	0	0	0	
0.53	0.53	2.94	0	2.4	0	0	0	0	
0	0	0.13	0.13	0	0.41	0	0	0	
0	0	0	0	0	0	0	0	0	
0	0	2.46	0	1.23	0	0	0	0	
0	0	0	0	0	0	0	0	0	
0	0	0.17	0	0.7	0	0.17	0	0	
0	0	0	0	0	0	0	0	0	
0	0	0.1	0	0	0	0	0	0	
0	0	0	0	0	0	0	0	0	
0	0	0.17	0	0.85	0	0	0	0	
0	0	0.44	0.44	0	0	0	0	0	
0	0	0	0	0	0	0	0	0	
0	0	0	0	0	0	0	0	0	
0	0.44	0.89	0	0	0	0	0	0	
0	0	0	0	9.09	0	0	0	0	
0	0.86	0.86	0	4.34	0	0	0	0	
0	0	0.51	0	0.25	0	0	0	0	
0	0	0	0	0	0	0	0	0	
0	0	0	0	0	0	0	0	0	
0	0	1.61	0	0	0	0	0	0	
0	0	0	0	3.31	0	0	0.66	0	
0	0	0	0	0	0	0	0	0	
0	0	0	0	0	0	0	0	0	
0	0	0	0	0	0	0	0	0	
0	0	0	0	0	0	0	0	0	
0	0	0	0	0	0	0	0	0	
0	0	0.68	0	0	0	0	0	0	
0	0	0	0	0	0	0	0	0	
0	0	0.52	0	0	0	0	0	0	
0	0	0	0	4	0	1.6	0	0	
0	0	1.36	0	5.47	0	0	0	0	
0	0	0	0	0	0	0	0	0	
0	0	0	0	0	0	0	0	0	
0	0	0	0	0	0	0	0	0	
0.28	0	0.56	0	1.13	0	0	0	0	
0	0	0	0	0	0	0	0	0	
0	0	0.32	0	0.98	0	0	0	0	
0	0	0	0	0	0	0	0	0	
0	0	0	0	0	0	0	0	0	
0	0	0	0	0.98	0	0	0	0	
0	0	0	0	0.29	0	0	0	0	
0	0	0	0	0	0	0	0	0	
0.11	0	0.11	0	0.47	0	0	0	0	
0	0	1.17	0	1.17	0	0	0.39	0	
0	0	0	0	0	0	0	0	0	
0	0	0	0	0	0	0	0	0	
0	0	0.52	0	1.05	0	0	0	0	
0	0	0	0	0	0	0	0	0	
0	0	2.27	0	0.28	0	0	0	0	
0	0	1.91	0	1.76	0	0	0.16	0	
0	0	0	0	0	0	0	0	0	
0	0	1.97	0	0	0	0	0	0	
0	0	1.74	0	0.58	0	0	0	0	
0	0	0.74	0.37	0.74	0	0	0	0	
0	0	0	0	0	0	0	0	0	
0	0	0	0	0	0	0	0	0	
0	0	0.87	0	1.31	0	0	0	0	
0	0	0	0	0	0	0	0	0	
0	0	0	0	0	0	0	1.58	0	
0	0	0.32	0	2.56	0	0	0	0	
0	0	0.61	2.46	1.23	0	0	0	0	
0	0	0	0	0	0	0	0	0	
0.28	0.28	3.97	0	0.85	0	0	0	0	
0	0	0	1.88	0	0	0	0	0	
0	0	5.71	0	0	0	0	0	0	
0	0	0	0	0	0	0	0	0	
0	0	0	0	0	0	0	0	0	
0	0	1.56	0	0	0	0	0	0	
0	0	0	0	0	0	0	0	0	
0	0	0	0	0	0	0	0	0	
0	0	0.97	0	0.97	0	0	0	0	
0	0	2.38	0	0	0	0	0	0	
0	0	0	0	0	0	0	0	0	
0	0	1.36	0.34	0	0	0	0	0	
0	0	0	0	0	0	0	0	0	
0	0	0	0	0	0	0	0	0	
0	0	0	0	0	0	0	0	0	
0	0	0	0	0.69	0	0	0	0	
0	0	0	0	0	0	0	4.76	0	
0	0	0.33	0	0	0	0	0	0	
0	0	0	0	0	0	0	0	0	
0	0	3.38	0	0	0	0	0	0	
0	0	0.64	0	0	0	0	0	0	
0	0	1.41	0	0.7	0.11	0	0	0	
0	2	2	0	8	0	0	0	0	
0	0	1.24	0	0	0	0	0	0	
0	0	0.98	0	0	0	0	0	0	
0	0	0.58	0	0.29	0	0	0	0	
0	0	0	0	0	0	0	0	0	
0	0	2.19	0	0	0	0	0	0	
0	0	0	0	0	0	0	0.51	0	
0	0	0	0	1.84	0	0	0	0	
0	0	0	0	0	0	0	0.91	0	
0	0	4.58	0	0.91	0	0	0	0	
0	0	0.36	0	0	0	0	0	0	
0	0	0	0	0	0	0	0	0	
0	0	0	0	0	0	0	0	0	
0	0	0.94	0.37	0	0	0	0	0	
0	0	0	0	0	0	0	0	0	
0	0	0	0	0	0	0	0	0	
0	0	0	0	0	0	0	0	0	
0	0	0.85	0	0	0	0	0	0	
0	0	0	0	0	0	0	0.61	0	
0	0	2.81	0	0	0	0	0	0	
0	0	0.54	0.54	0	0	0	0	0	
0	0	0	0	0	0	0	0	0	
0	0	0	0	0	0	0	0	0	
0	0	0	0	0.68	0	0	0	0	
0	0	0	0	0	0	0	0	0	
0	0	1.75	0	0	0	0	0	0	
0	0	1.81	0	0	0	0	0	0	
0	0	0.35	0	1.06	0	0	0.35	0	
0	0	2.85	0	0	0	0	0	0	
0	0	0	0	0	0	0	0	0	
0	0	0	0	0	0	0	0	0	
0	0	0	0	1.12	0	0	0	0	
0	0	0.75	0.37	0	0	0	0	0	
0	0	0.4	0	1.61	0	0	0	0	
0	0	7.69	0	0	0	0	0	0	
0	0.42	0	0.21	0	0.21	0	0	0	
0	0	0	0	0	0	0	0	0	
0	0	0.68	0.9	0	0	0	0	0	
0	0	0.81	0.16	0	0.08	0	0	0	
0	0	0	0.68	0	0	0	0	0	
0	0	1.24	0	0	0	0	0	0	
0	0	0	0	0	0	0	0	0	
0	0	0	0	0	0	0	0	0	
1.17	0	0	0	0	0	0	0	0	
0	0	0	0	0	0	0	0	0	
0	0	0	0	0	0	0	0	0	
0	0	0	0	0.55	0	0	0	0	
0	0	1.35	0	1.35	0	0	0	0	
0	0	6.25	0	1.56	0	0	0	0	
0	0	0	0	0	0	0	0	0	
0	0	0	0	0	0	0	4.76	0	
0	0	0.54	0	0	0	0	0.27	0	
0	0	0	0	0	0	0	0	0	
0	0	0	0	0	0	0	0	0	
0.44	0	0	0.22	0.44	0	0.22	0.22	0	
0	0	0	0	0	0	0	0	0	
0	0	0	0	0	0	0	0	0	
0	0	0.62	0	0	0	0	0	0	
0.16	0.2	0.62	0	0.41	0.12	0	0	0	
0	0	4.34	0	0.62	0	0	0	0	
0	0	0.29	0	0.29	0	0	0	0	
0	0	0.29	0	0.29	0	0	0	0	
0	0	0.29	0	0.29	0	0	0	0	
0.31	0.31	0.93	0	3.43	0	0	0	0	
0	0	0	0	0	0	0	0	0	
0	0	0.84	0	0	0	0	0	0	
0	0	4.58	0	0.91	0	0	0	0	
0	0	0	0	0	0	0	0	0	
0	0	1.73	0	0	0	0	0	0	
0	0	0	0	0	0	0	0	0	
0	0	1.12	0.06	0.06	0.39	0	0	0	
0	0	1.09	0	0	0	0	0	0	
0	0	0	0	0	0	0	0	0	
0	0	0	0	0	0	0	0	0	
0	0	0.98	0	0	0	0	0	0	
0	0	0	0	0	0	0	0	0	
0	0	4.25	0	0	0	0	0	0	
0	0	0.68	0	0.68	0	0	0.68	0	
0	0	0	0	0	0	0	0.39	0	
0	0	0.92	0	0	0	0	0	0	
0	0	0	0	0	0	0	0.68	0	
0	0	0	0	0.64	0	0	0	0	
0	0	1	0	0.2	0	0	0.2	0	
0	0	0	0	0	0	0	0	0	
1.12	0	0	0	0	0	0	0	0	
0	0	0	0	0	0	0	0	0	
0.57	0	0.26	0	0.15	0	0	0	0	
0.74	0	0.22	0	0.22	0	0	0	0	
0	0	0.12	0.12	0.48	0	0	0	0	
0	0	0	0	0	0	0	0	0	
0	0	1.56	0.14	0.14	0	0	0	0	
0	0	0	0	0	0	0	0	0	
0	0	1.13	0	0	0	0	0	0	
0	0	2.77	0	0	0	0	2.77	0	
0	0	1.42	0	4.28	0	0	1.42	0	
0	0	0	0	0	0	0	0	0	
0	0	0.95	0.27	0	0	0	0	0	
0	0	2.28	0	0	0	0	0	0	
0.02	0	0.47	0	0.17	0	0	0	0	
0	0	5	0	0	0	0	0	0	
0	0	4.76	0	0	0	0	0	0	
0	0	0.95	0.27	0	0	0	0	0	
0	0	0.79	0	0	0	0	0	0	
0	0	0	0	0	0	0	0	0	
0	0	1.48	0	0.16	0	0	0	0	
0	0	0.31	0	0	0	0	0	0	
0	0	1.35	0	2.02	0	0	0	0	
0	0	0	0	0	0	0	0	0	
0	0	1.63	0	1.63	0	0	0	0	
0	0	0	0	3.44	0	0	0	0	
0	0	0	0	0.33	0	0	0	0	
0	0	2.81	0	0	0	0	0	0	
0	0	2.68	0	0	0	0	0	0	
0	0	3.57	0	10.71	0	0	0	0	
0	0	0	0.51	0	0	0	0	0	
0	0	0	0	0	0	0	0	0	
0	0	0	0	0	0	0	4.76	0	
0	0	0.85	0	0	0	0	0	0	
0	0	0	0	0	0	0	0	0	
0	0	0	0	0	0	0	0	0	
0	0	1.06	0	0	0	0	0	0	
0	0	3.19	0	0	0	0	0	0	
0	0	0.64	0	0	0	0	0	0	
0	0	1.91	0	0	0	0	0	0	
0	0	0	0	0	0	0	0	0	
0	0	0.76	0	0	0	0	0	0	
0	0	0	0	0	0	0	0	0	
0	0	0	0	0	0	0	0	0	
0	0.29	0	0	1.49	0	0	0	0	
0	0	0.56	0	0	0	0	0	0	
0	0	0	0	0	0	0	0	0	
0.08	0	1.17	0.08	0	0	0	0	0	
0	0	0	0	0	0	0	0	0	
0	0	0	0	0.14	0	0	0	0	
0.06	0.03	0.15	0	0	0	0	0	0	
0	0	0.55	0	0	0	0	0	0	
0	0	4.54	0	0	0	0	0	0	
0	0	0	0	0.7	0	0	0	0	
0	0	0	0	0.64	0	0	0.64	0	
0	0	1.58	0	0	0	0	0	0	
0	0	0	0	0	0	0	0	0	
0	0	0	0	0	0	0	0	0	
0	0	0	0	0	0	0	0	0	
0	0	2.18	0	0	0	0	0	0	
0	0	0	0	0	0	0	0	0	
0	0	0.49	0	1.48	0	0	0	0	
0	0	0	0	0.52	0	0	0	0	
0	0	0	0	0	0	0	0	0	
0	0	0	0	0	0	0	0	0	
0	0	0	0	0	0	0	0	0	
0	0	0	0	0	0	0	0	0	
0	0	0	0	0	0	0	0	0	
0	0	0	0	0	0	0	0	0	
0	0	1.03	0	0	0	0	0	0	
0	0.09	1.17	0	1.17	0.04	0	0	0	
0	0	0	0	0.99	0	0	0	0	
0	0	1.4	0	1.4	0	0	2.11	0	
0	0	2.38	0	0	0	0	0	0	
0	0.26	1.07	0	1.07	0	0	0	0	
0	0	1.02	0	0	0	0	0	0	
0	0	0.55	0.41	1.1	0	0	0.13	0	
0	0	0	0	0	0	0	0	0	
0	0	4.9	0	0	0	0	0	0	
0	0	0.39	0	0	0	0	0	0	
0	0	3.17	0	0	0	0	0	0	
0	0	0	0	0	0	0	0	0	
0	0	0	0	0	0	0	0	0	
0	0	0.81	0.4	0	0	0	0	0	
0	0	3.33	0	0	0	0	0	0	
0	0	0	0	0	0	0	0	0	
0	0	2.32	0	1.16	0	0	0	0	
0	0	0	0	0	0	0	0	0	
0	0	0	0	0	0	0	0	0	
0	0	0	0	0	0	0	0	0	
0	0	1	0.5	0	0	0	0	0	
0	0.83	0.83	0	0.41	0	0	0	0	
0	0	0	0	1.12	0	0	0	0	
0	0	0.32	0	0.32	0	0	0.32	0	
0	0	0.5	0	0.5	0	0	0	0	
0	0	0	0	0	0	0	0	0	
0	0	0	0	1.19	0	0	0	0	
0	0	0.49	0	0.49	0	0	0.49	0	
0	0	0	0	0	0	0	0	0	
0	0	0	0	0	0	0	0	0	
0.23	0	0.09	0	0.05	0	0	0	0	
0	0	0	0	0	0	0	0	0	
0	0	0	0	0	0	0	0	0	
0.48	0	0.16	0	0.16	0	0	0	0	
0	0	0	0	0	0	0	0	0	
0	0	2.73	0	0	0	0	0	0	
0	0	0	0	1.01	0	0	0	0	
0	0	0.38	0.38	0.38	0	0	0	0	
0.26	0	0.78	0	0	0	0	0	0	
0	0	0	0	0	0	0	0	0	
0	0	0.54	0.13	0	0	0	0	0	
0	0	0	0	0	0	0	0	0	
0	0	0.42	0	0.42	0	0	0.42	0	
0	0	1.31	0	0.26	0	0	0	0	
0	0	0	0	0	0	0	0	0	
0	0	0	0	0	0	0	0	0	
0	0	0	0	0	0	0	0	0	
0	0	0	0	0	0	0	0	0	
0	0	0	0	0	0	0	0	0	
0	0	0	0	1.16	0	0	0	0	
0	0	0	0	0	0	0	0	0	
0	0	0	0	0	0	0	0	0	
0	0	1.92	0	0	0	0	0	0	
0	0	0	0	0	0	0	0	0	
0	0	0	0	3.4	0	0	0	0	
0	0	1.75	0	0	0	0	0	0	
0	0	0	0	5.26	0	0	0	0	
0	0	0	0	0	0	0	0	0	
0	0	0	0	2.5	0	0	0	0	
0	0	0	0	0	0	0	0	0	
0.66	0	0	0	1.33	0	0	0.66	0	
0	0	0	0	0	0	0	0	0	
0	0	0	0	0	0	0	0	0	
0	0	0	0	2.17	0	0	0	0	
0	0	0	0	1.69	0	0	0	0	
0	0	0	0	0	0	0	0	0	
0	0	0	0	0	0	0	0	0	
0	0	1.31	0	0	0	0	0.65	0	
0	2	2	0	8	0	0	0	0	
0	0	0	0	0	0	0	0	0	
0	0	0	0	0	0	0	0	0	
0	0	0	0	0	0	0	0	0	
0	0	0	0	1.61	0	0	0	0	
0	0	1.29	0	0	0	0	0	0	
0	0	0	0	0	0	0	0	0	
0	0	1.18	0	0.47	0	0	0	0	
0	0	0	0	0.67	0	0	0	0	
0	0	0	0	0	0	0	0	0	
0	0	0	0	0	0	0	0	0	
0	0	0	0	0	0	0	0	0	
0	0	0	0	0	0	0	0	0	
0	0	2.63	0	0	0	0	0	0	
0	0	1.33	0.1	0	0	0	0	0	
0	0	0	0	0	0	0	0	0	
0	0	1.58	0	0	0	0	0	0	
0	0	0	0	0	0	0	0	0	
0	0	0.19	0	0.19	0	0	0	0	
0	0	0	0	1.01	0	0	1.01	0	
0	0	0.28	0.28	0	0	0	0	0	
0	0	0	0	0	0	0	0	0	
0	0	0	0	0	0	0	0	0	
0	0	1.16	0	0	0	0	0	0	
0	0	0	0	0	0	0	0	0	
0	0	0	0	0	0	0	0	0	
0	0	0	0.55	0	0	0	0	0	
0	0	1.16	0	1.16	0	0	0	0	
0	0	0.31	0.05	0.63	0	0.05	0	0	
0	0	0	0	2.5	0	0	0	0	
0	0	0	0	1.58	0	0	0	0	
0	0	0	0	1.31	0	0	0	0	
0	0	1.4	0	1.4	0	0	2.11	0	
0	0	2.61	0	0.65	0	0	0	0	
0	0	0	0	0	0	0	0	0	
0.99	0	0	0	0	0	0	0	0	
0	1.07	0	0	1.07	0	0	0	0	
0	0.71	0	0	0	0	0	0	0	
0	0	0.96	0	0	0	0	0	0	
0	0	1.7	0	0	0	0	0	0	
0	0	0.96	0.38	0	0.38	0	0	0	
0	0	3.17	0	0	0	0	0	0	
0	0	0	0	0	0	0	0	0	
0	0	5.88	0.65	0	0	0	0.65	0	
0	0	0	0	0	0	0	0	0	
0	0	0	0	0	0	0	0	0	
0	0	0	0	0	0	0	4.34	0	
0	0	0	0	0	0	0	0	0	
0	0	0	0	0	0	0	0	0	
0	0	0.66	0	0	0	0	0	0	
0.12	0.12	0.74	0	0	0	0	0	0	
0	0	0	0	0	0	0	0	0	
0	0	0	0	0	0	0	0	0	
0	0	1.09	0.12	0	0.12	0.12	0	0	
0.66	0.66	0	0	0.66	0	0	0	0	
0	0	0.27	1.91	0	0	0	0	0	
0	0	0	0	0	0	0	0	0	
0	0.56	0.56	1.12	0	0	0	0	0	
0	0	1.4	0	0	0	0	0	0	
0	0	0.59	0	0	0	0	0	0	
0	0	0	0	0	0	0	0	0	
0	0	0.76	0	0.76	0	0	0	0	
0	0	0	0	0	0	0	0	0	
0	0	0.86	0	0.86	0	0	0.86	0	
0	0	0	0	2.85	0	0	0	0	
0	0	0	0	0	0	0	0	0	
0	0	0	0	0.82	0	0	0	0	
0.71	0	0.31	0	0.15	0	0	0	0	
0.35	0	0.14	0	0.08	0	0	0	0	
0	0	0	0.48	0	0	0	0	0	
0.32	0	0.09	0	0.09	0	0	0	0	
0.54	0	0.18	0	0.18	0	0	0	0	
0	0	1.05	0	0	0	0	0	0	
0	0	3.22	0	0	0	0	0	0	
0	0	0.26	0.53	0	0	0	0	0	
0.05	0	0.47	0.03	0.15	0	0.03	0.03	0	
0	0	0	0	0	0	0	1.01	0	
0	0	3.33	0	0	0	0	0	0	
0	0	0	0	0	0	0	0	0	
0	0	1.07	0	0	0	0	0	0	
0	0	2.94	0	1.47	0	0	0	0	
0	0	3.03	0	0	0	0	0	0	
0	0	0	0	0	0	0	0	0	
0	0	0	0	0	0	0	0	0	
0	0	0	0	0	0	0	0	0	
0	0	0	0	0	0	0	0	0	
0	0	0	0	0	0	0	0	0	
0	0	0.86	0	2.58	0	0	0	0	
0	0	0	0	0	0	0	0	0	
0	0	0	0	0	0	0	0	0	
0	0	0	0	0	0	0	0	0	
0	0	0	0	0	0	0	0	0	
0	0	0	0	0	0	0	0	0	
0	0	0.81	1.62	0	0	0	0	0	
0	0	2.06	0	0	0	0	0	0	
0	0	1.15	0	0.57	0	0	0	0	
0	0	0	0	0	0	0	0	0	
0.62	0	0	0	1.25	0	0	0.62	0	
0	0	0.94	0	0.94	0	0	0	0	
0	0.27	2.31	0.27	0.18	0	0	0	0	
0	0	1.3	0	0	0	0	0	0	
0	0	0	0	0	0	0	0	0	
0	0	0	0	0	0	0	0	0	
0	0	0	0	2.23	0	0	0	0	
0	0	1.04	0	0	0	0	0	0	
0	0	0	0	0	0	0	0	0	
0	0	0	0	0	0	0	0	0	
0	0	1	0	1.25	0	0	0	0	
0	0	0	0	0	0	0	0	0	
0.03	0.19	0.59	0.06	1.06	0	0	0	0	
0	0	1.96	0	0	0	0	0	0	
0	0	3.17	0	0	0	0	0	0	
0	0	0	0	0	0	0	0	0	
0	0	0	0	0	0	0	3.12	0	
0	0	0	0	0	0	0	0	0	
0.33	0.33	1.51	0	3.85	0	0.33	0.16	0	
0	0.38	0	1.54	6.17	0	0	0	0	
0	0	0	0	0	0	0	0	0	
0	0	2.05	0	0	0	0	0	0	
0.13	0	0.27	0	0	0	0.13	0	0	
0.94	0	0	0	0	0	0	0	0	
0	0	0	0	0	0	0	0	0	
0	0	4.42	0	0	0	0	0	0	
0	0	0	0	0	0	0	0	0	
0.28	0	0.57	0	0.57	0	0	0	0	
0	0	0	0	0	0	0	0	0	
0	0	2.7	0	0	0	0	0	0	
0	0	2.22	0.65	0.13	0.13	0	0	0	
0	0	0	0	0	0	0	0	0	
0	0	0.3	0.91	0.3	0	0	0	0	
0	0	0	0.86	0.86	0	0	0	0	
0	0	0	0	0	0	0	0	0	
0	0	0	0	0	0	0	0	0	
0	0	0	0	0	0	0	0	0	
0	0	3.52	0	2.35	0	0	0	0	
0.94	0	0.37	0	0.18	0	0	0	0	
1.02	0	0.34	0	0.22	0	0	0	0	
0.73	0	0.19	0	0.19	0	0	0	0	
0.55	0	0.15	0	0.15	0	0	0	0	
0	0	1.21	0	0	0	0	0	0	
0	0	0	0	0	0	0	0	0	
0.1	0	0.84	0.21	0.63	0	0.1	0	0	
0	0	0	0	0.88	0	0	0	0	
0	0	0.37	0.37	0.37	0	0	0	0	
0	0	1.66	0.1	0	0	0	0	0	
0	0	0	0	0	0	0	0	0	
0	0	0.24	0	0.72	0	0	0	0	
0	0	0	0	0.29	0	0	0.29	0	
0	0	0	0	0	0	0	0	0	
0	0	0	0	0	0	0	0	0	
0	0	0.42	0	0.42	0	0	0	0	
0	0	0	0	0	0	0	0	0	
0.07	0	0.83	0.15	0	0.07	0	0	0	
0	0	0	0	0	0	0	0	0	
0	0	0	0	0	0	0	0.08	0	
0	0	0	0	0	0	0	0	0	
0.08	0	2.24	0.08	0.74	0.08	0	0	0	
0	0	0	0	0	0	0	1.56	0	
0	0	0	0	0	0	0	0	0	
0	0	0	0	0	0	0	0	0	
0	0	0	0	0	0	0	0	0	
0	0.21	1.28	0	0.64	0	0	0	0	
0	0	2.32	0	0	0	0	0	0	
0	0	0	0	0	0	0	0	0	
0	0	0	0	0	0	0	0	0	
0	0	2.6	0	0	0	1.73	0	0	
0	0	0.24	0	0.72	0	0	0	0	
0	0	0	0	0	0	0	0	0	
0	0	1.19	0	0	0	0	0	0	
0	0	1.43	0	2.87	0	0	0	0	
0	0	2.63	0	0	0	0	0	0	
0	0	0.63	0.21	0	0	0	0	0	
0	0	0	0	2.63	0	0	2.63	0	
0	0	5.55	0	0	0	0	0	0	
0	0	0	0	0	0	0	0	0	
0	0	0	0	0.31	0	0	0	0	
0	0	0.76	0.25	0.76	0	0	0	0	
0	0	0	0	2.32	0	0	0	0	
0	0	0.25	0.25	4.02	0	0	0	0	
0	0	0	0	0	0	0	0	0	
0	0	0	0	0	0	0	0	0	
0	0	0	0	1.96	0	0	0	0	
0	0	2.99	0	0	0	0	0	0	
0	0	0	0	0	0	0	0	0	
0.05	0.15	0.61	0	0.46	0.05	0	0	0	
0	0	0	0	0	0	0	0	0	
0	0	0	0.6	1.21	0	0	0	0	
0	0.09	1.03	0	0.04	0	0	0	0	
0	0	1.25	0	0	0	0	0	0	
0	0	0.76	0	1.53	0	0	0	0	
0	0	1.09	0	0	0	0	0	0	
0	0	0.86	0	3.79	0	0	0	0	
0.39	0	1.97	0.79	0	0	0	0	0	
0	0	0	0	0	0	0	0	0	
0	0	0.79	0	0	0	0	0	0	
0	0	0.85	0	0.42	0	0	0.42	0	
0	0	2	0	1	0	0	0	0	
0.13	0	1.1	0.55	0	0	0	0	0	
0	0	2.5	0	0	0	0	0	0	
0	0	0	0	0	0	0	0	0	
0	0	0	0	0	0	0	0	0	
0.15	0	0.15	0	0	0.15	0	0	0	
0	0	0	0.41	0	0	0	0	0	
0	2	2	0	8	0	0	0	0	
0	0	0	0	0	0	0	0	0	
0.52	0	0.15	0	0.1	0	0	0	0	
0	0	1.17	0.13	0	0	0	0	0	
0.69	0	0.23	0	0.23	0	0	0	0	
0.53	0	0.23	0	0.17	0	0	0	0	
0.16	0	0.09	0.01	0.05	0	0	0	0	
0	0	0.19	0	0	0	0	0	0	
0	0	9.67	0	0	0	0	0	0	
0	0	1.23	0	0	0	0	0	0	
0	0	0	0	0	0	0	0	0	
0	0	0	0	0	0	0	0	0	
0	0	0	0	0	0	0	0	0	
0	0.2	0	0	0.8	0	0	0	0	
0	0	1.72	0	0	0	0	1.72	0	
0	0	1.72	0	0	0	0	1.72	0	
0	0	1.67	0	0	0	0	0	0	
0	0	0	0	1.19	0	0	0.59	0	
0	0.09	0.36	0.09	0	0.09	0	0	0	
0	0	0	0	2.24	0	0	0	0	
0	0	0.37	0	1.49	0	0	0	0	
0	0	0	0	0.76	0	0	0	0	
0	0	0	0	2.4	0	0	0.8	0	
0	0	0.56	0	1.12	0	0	0	0	
0	0	0	0	0	0	0	0	0	
0	0	0	0	0	0	0	0	0	
0	0	0.3	0	0	0	0	0	0	
0	0	0	0	6.52	0	0	0	0	
0	0	0	0	2.04	0	0	0	0	
0	0	0	0	0	0	0	0	0	
0	0	0	0	2.32	0	0	0	0	
0	0	1.61	0	1.61	0	0	0	0	
0	0	0	0	0	0	0	0	0	
0	0	1.58	0	0.79	0	0	0	0	
0	0	0	0	0	0	0	0	0	
0	0	0	0	7.14	0	0	0	0	
0	0	0	0	2.81	0	0	0	0	
0	0	0.38	0.02	0.12	0	0	0.1	0	
0	0	1.07	0	0	0	0	0	0	
0	0	0.72	0	0.48	0	0	0	0	
0	0	0	0	0	0	0	0	0	
0	0	1.27	0	0	0	0	0	0	
0	0	0	0	0	0	0	0	0	
0	0	1.81	0	0	0	0	0	0	
0	0	0	0	0	0	0	0	0	
0	0	0	0	0	0	0	0	0	
0	0	1.22	0	0.61	0	0	0	0	
0	0	0	0	0	0	0	0	0	
0	0	0	0	0	0	0	0	0	
0	0	0	0	0	0	0	0	0	
0	0	0	0	1.36	0	0	0	0	
0	0	0	0	0	0	0	0	0	
0	0	1.56	0	0	0	0	0	0	
0	0	0	0	0	0	0	0	0	
0	0	0	0	0	0	0	0.55	0	
0	0	0	0	0	0	0	0	0	
0	0	0	0	0	0	0	0	0	
0	0.17	1.78	0.17	0	0	0	0	0	
0	0	0.75	0.37	0	0	0	0	0	
0	0	1.4	0	1.4	0	0	2.11	0	
0	0	0	0.35	1.07	0	0	0	0	
0	0	0	1.4	2.81	0	0	0	0	
0	0	0	0	0.59	0	0	0	0	
0	0	0	0	0	0	0	0	0	
0.05	0.02	0.17	0	0	0	0	0	0	
0	0	2.04	0	0.81	0	0	0	0	
0	0	0	0	1.1	0	0	0	0	
0	0	0	0	0	0	0	0	0	
0	0	0	0	1.28	0	0	0	0	
0	0	0	0	0	0	0	0	0	
0	0	0.37	0	0.37	0	0	0	0	
0	0	0	0	0.37	0	0	0.37	0	
0	0	0	0	0	0	0	0	0	
0	0	0	0	0	0	0	0	0	
0	0	0	0	0	0	0	0	0	
0	0	0	0	0	0	0	0	0	
0	0	0	0	0	0	0	0.68	0	
0	0	0	0	0	0	0	0	0	
0	0	0	0	0	0	0	0	0	
0	0	1.14	0	0	0	0	0	0	
0	0	0	0	0	0	0	0	0	
0	0	2.63	0	0	0	0	0	0	
0	0	0	0	0	0	0	0	0	
0	0	0.6	0	0	0	0	0	0	
0	0	0	0	0	0	0	0	0	
0.06	0.12	0.66	0	0.78	0	0	0	0	
0	0	0	0	0	0	0	0	0	
0	0	0	0	0	0	0	0	0	
0	0	0	0	0	0	0	0	0	
0	0	0	0	1.33	0	0	0	0	
0	0	0	0	3.27	0	0	0	0	
0	0	0	0	0.81	0	0	0	0	
0	0	0.7	0	0	0	0	0	0	
0	0	0	0	0	0	0	0	0	
0	0	0	0	0	0	0	0	0	
0	0	0	0	0	0	0	0	0	
0	0	0	0	0	0	0	0	0	
0	0	0	0	0	0	0	0	0	
0	0	0	0	0	0	0	0	0	
0	0	0	0	0	0	0	0	0	
0	0.25	0.25	1.25	1.75	0.25	0	0	0	
0	0	0	0	0	0	0	0	0	
0	0	0	0	0	0	0	0	0	
0	0.34	0	0	2.73	0	0	0	0	
0	0	1.25	0	0	0	0	0	0	
0	0	0	0	0	0	0	0	0	
0	0	0	0	0	0	0	0	0	
0	0	0.72	0	0	0	0	0	0	
0	0	0.36	0.18	0.36	0	0	0	0	
0	0	0	0	2.94	0	0	0	0	
0	0	0.18	0	0	0	0	0.09	0	
0	0	0.24	0	0	0	0	0	0	
0	0	0	0	0	0	0	0	0	
0	0	3.57	0	0	0	0	0	0	
0	0	0	0	0	0	0	0	0	
0	0	0	0	0	0	0	0	0	
0	0	0	0	0	0	0	0	0	
0	0	0	0	0	0	0	0	0	
0	0	0	0	0	0	0	0	0	
0	0	0	0	0	0	0	0	0	
0	0	0	0	0	0	0	0	0	
0	0	0	0	0	0	0	0	0	
0	0	0	0	0	0	0	0	0	
0	0	0	0	0	0	0	0	0	
0	0	0	0	0	0	0	0	0	
0	0	0	0	0	0	0	0	0	
0	0	0	0	0	0	0	0	0	
0	0	0	0	0	0	0	0	0	
0	0	0	0	0	0	0	0	0	
0	0	0	0	0	0	0	0	0	
0	0	0	0	0	0	0	0	0	
0	0	0	0	0	0	0	0	0	
0	0	0	0	0	0	0	0	0	
0	0	0	0	0	0	0	0	0	
0	0	0	0	0	0	0	0	0	
0	0	0	0	0	0	0	0	0	
0	0	0	0	0	0	0	0	0	
0	0	0	0	0	0	0	0	0	
0	0	0	0	0	0	0	0	0	
0	0	0	0	0	0	0	0	0	
0	0	0	0	0	0	0	0	0	
0	0	0	0	0	0	0	0	0	
0	0	0	0	0	0	0	0	0	
0	0	0	0	0	0	0	0	0	
0	0	0	0	0	0	0	0	0	
0	0	0.23	0	0	0	0	0	0	
0	0	0	0	0	0	0	0	0	
0	0	0.12	0	0	0	0	0	0	
0	0	0	0	0	0	0	0	0	
0	0	0.14	0	0	0	0	0	0	
0	0	0	0	0	0	0	0	0	
0	0	0	0	0	0	0	0	0	
0	0	0	0	2.04	0	0	2.04	0	
0	0	0	0	0	0	0	0	0	
0	0	0.25	0	0.38	0	0	0	0	
0	0	0	0	0.97	0	0	0	0	
0	0	0	0	0.44	0	0	0	0	
0	0	0	0	0.86	0	0	0	0	
0	0	0	1.29	0.32	0	0	0	0	
0.13	0	0.66	0	0.66	0	0	0	0	
0	0	0	0	0	0	0	0	0	
0	0	0	0	0	0	0	0	0	
0	0	0	0	0	0	0	0	0	
0	0	0	0	0	0	0	0	0	
0	0	0	0	0	0	0	0	0	
0.3	0	0.3	0	0.91	0	0	0	0	
0	0	0	0	0	0	0	0	0	
0	0	0	0	0	0	0	0	0	
0	0	0	0	0	0	0	0	0	
0	0	0	0	0	0	0	0	0	
0	0	0	0	0	0	0	0	0	
0	0	1.05	0	0	0	0	0	0	
0	0	0	0	0	0	0	0	0	
0	0	0	0	0	0	0	0	0	
0.17	0	1.23	0	0.7	0	0	0	0	
0	0	0	0	0	0	0	0	0	
0	0	0	0	0	0	0	0	0	
0	0	0	0	0	0	0	0	0	
0	0	0	0	0	0	0	0	0	
0	0	0	0	0	0	0	0	0	
0.03	0.05	0	0	0.01	0	0	0.01	0	
0	0	2.63	0	0	0	0	0	0	
0	0	1.13	0	1.13	0	0	0	0	
0	0	0	0	0	0	0	0	0	
0	0	3.17	0	0	0	0	0	0	
0	0	0	0	0	0	0	0	0	
0	0	0	0	0	0	0	0	0	
0	0	0.17	0	0	0	0	0	0	
0.32	0	0.45	0.26	0.39	0.06	0	0	0	
0	0	1.78	0	0	0	0	0	0	
0	0	0.58	0	0.58	0	0	0	0	
0.4	0	0.06	0.06	0	0	0	0	0	
0	0	0	0	0	0	0	0	0	
0	0	0	0	0	0	0	0	0	
0	0	0	0	0	0	0	0	0	
0	0	1.06	0	0	0	0	0	0	
0	0	1.06	0	0	0	0	0	0	
0	0	0.55	0	0.55	0	0	0	0	
0	0	0	0	0	0	0	1.28	0	
0	0	1.75	0	0	0	0	0	0	
0	0	0	0	0	0	0	0	0	
0.16	0	0	0	2.08	0	0.16	0	0	
0.16	0.08	1.04	0	0.88	0.04	0	0	0	
0	0	0.52	0.17	1.93	0	0	0.17	0	
0.87	0	0.29	0.09	0.19	0	0	0	0	
0.14	0	0.05	0	0.04	0	0	0.01	0	
0.51	0	0.17	0	0.17	0	0	0	0	
0.5	0	0.16	0	0.16	0	0	0	0	
0	0.11	0.81	0.05	0	0.05	0	0	0	
0	0	0	0	2.81	0	0	0	0	
0	0	0	0	0	0	0	0	0	
0	0	0	0	0	0	0	0	0	
0	0	0.27	0.27	0.27	0	0	0	0	
0	0	0	0	1.69	0	0	0	0	
0	0	0.87	0	0	0	0	0	0	
0	0	0	0	0	0	0	0	0	
0	0	0.85	0	0	0	0	0	0	
0	0	0	0	0	0	0	0	0	
0	0	1.47	0	0	0	0	0	0	
0	0	0	0	1.16	0	0	0	0	
0	2	2	0	8	0	0	0	0	
0	0	1.43	0	0.28	0	0	0	0	
0	0	0	0	0	0	0	0	0	
0	0	0	0	0	0	0	0	0	
0	0	0	0	0	0	0	0	0	
0	0	0	0	0	0	0	0	0	
0	0	0	0	1.61	0	0	0	0	
0	0	1.12	0	0.56	0	0.56	0.56	0	
0	0	0	0	0	0	0	0	0	
0	0	0	0	0	0	0	0	0	
0	0	0	0	0	0	0	0	0	
0	0	0	0	0	0.74	0	0	0	
0	0	0	0	0	0	0	0	0	
0	0	0	0	0	0	0	0	0	
0	0	0	0	0	0.97	0	0	0	
0	0	0	0	2.12	0	0	0	0	
0	0	0	0	1.96	0	0	0	0	
0	0	0	0	0	2.12	0	0	0	
0	0	0	0	0	0	0	0	0	
0	0	0	0	0	0	0	0	0	
0	0	0	0	0	0	0	4.76	0	
0	0	0	0	0	0	0	0	0	
0.34	0	0	0	0.34	0	0	0.34	0	
0	0	1.57	0	1.57	0	0	0.78	0	
0.88	0	0	0	0	0	0	0	0	
0	0	0	0	0	0	0	0	0	
0	0	0.31	0	0.95	0	0	0.63	0	
0	0	0.94	0	0	0	0	0	0	
0	0	0	0	0	0	0	0	0	
0	0	0.32	0	0.97	0	0	0.64	0	
0	0	0.46	0	1.85	0	0	0	0	
0.3	0.2	0.65	0	0.65	0.05	0	0.05	0	
0	0	0.81	0.81	0	0	0	0	0	
0	0	1.4	0	1.4	0	0	2.11	0	
0	0	1.84	0	0	0	0	0	0	
0	0	0	0	0.39	0	0.39	0	0	
0	0	0	2.94	0	0	0	0	0	
0	0	0.51	0.44	0.07	0	0	0	0	
0	0	0.91	0	0	0	0	0	0	
0	0	0.33	0	0	0	0	0	0	
0	0	0.49	0.99	0	0	0	0	0	
0	0	0.42	0	1.28	0	0	0.42	0	
0.25	0	1.28	0	0	0	0	0	0	
0	0	1.01	0	1.01	0	0	0.5	0	
0	0	0	0	0.89	0	0	0	0	
0	0	0	0	0	0	0	0	0	
0	0	3.84	0	0	0	0	0	0	
0	0	0	0	0	0	0	4.76	0	
0	0	0	0	0	0	0	4.16	0	
0	0	0	0	0	0	0	0	0	
0	0	0	0	0	0	0	0	0	
0	0	0	0	0	0	0	0	0	
0.16	0	0	0	0	0	0	0	0	
0	0	1.06	0	1.06	0	0	0	0	
0	0	0.44	0	0.88	0	0	0.44	0	
0	0	0.51	0	0.51	0	0	0.51	0	
0	0	0.91	0	0.45	0	0	0	0	
0.47	0	0.15	0	0.15	0	0	0	0	
0	0	0	0	0	0	0	0	0	
0	0	1.39	0	0	0	0	0	0	
0	0	0.23	0	0	0	0	0	0	
0	0	1.31	0	0	0	0	1.31	0	
0.5	0	0.16	0	0.16	0	0	0	0	
0	0	0	0	0	0	0	0	0	
0	0	0	0	0.53	0	0	0	0	
0	0	0	0	0	0	0	0	0	
0.94	0	0.31	0	0.2	0	0	0	0	
1.01	0	0.33	0	0.22	0	0	0	0	
0	0.09	1.49	0.27	0	0	0	0	0	
0.3	0	0.13	0	0.08	0	0	0	0	
0	0	1.06	0	0	0	0	0	0	
0	0	0	0	0	0	0	0	0	
0	0	0	0	0	0	0	0	0	
0	0	0	0	0	0	0	0	0	
0	0	0.52	0	1.05	0	0	0	0	
0	0	0	0	0	0	0	0	0	
0	0	0	0	2.94	0	0	0	0	
0.48	0	1.69	0	0.48	0	0	0	0	
0	0	0	0	0	0	0	3.03	0	
0	0	0.31	0	0	0	0	0	0	
0	0	0.5	0	0	0	0	0	0	
0	0	0	0	0	0	0	0	0	
0	0	0	0	0	0	0	0	0	
0.83	0	0	0	2.5	0	0	4.16	0	
0.28	0.57	0.28	0	0.85	0	0	0	0	
0	0.14	0.85	0	0.14	0	0	0.14	0	
0	0	0	0	0	0	0	0	0	
5.26	0	0	0	5.26	0	0	0	0	
0	0	0	0	2	0	0	0	0	
0	0	1.62	0	0	0	0	0	0	
0	0	0	0	0.8	0	0	0	0	
0	0	0.55	0	0	0	0	0.27	0	
0	0	0	0	0	0	0	0	0	
0	0	0	0	0.28	0	0	0.28	0	
0	0	0	0.97	0	0	0	0.97	0	
0	0	0	0	0	0	0	0	0	
0	0	0	0	0	0	0	0	0	
0	0	2.38	0	0	0	0	0	0	
0	0	0	1.81	0	0	0	0	0	
0	0	0.45	0	0	0	0	0	0	
0	0	0.26	0	0	0	0	0	0	
0	0	0.64	0	0.96	0	0	0	0	
0	0	0	0	0.24	0	0	0.24	0	
0	0	0	0	0	0	0	0.24	0	
0	0.18	1.49	0.09	0	0.09	0	0	0	
0	0	0	0	0	0	0	0	0	
0	0	0	0	0	0	0	0	0	
0	0	1.25	0	0	0	0	0	0	
0	0.08	0.34	0	0	0	0	0	0	
0	0	0	0	0	0	0	0	0	
0	0	4.54	0	0	0	0	0	0	
0	0	0	0	0	0	0	0	0	
0	0	0	0	0	0	0	0	0	
0	0	0.35	0	0.17	0	0	0.17	0	
0	0	1.38	0	0.97	0	0	0	0	
0	0	0.48	0	0	0.48	0	0	0	
0.04	0.04	0.69	0	0.64	0	0	0	0	
0	0	0.64	0	0	0	0	0	0	
0	0	0	0	0	0	0	0	0	
0	0	0	0	0	0	0	0	0	
0	0	0	0	0	0	0	0	0	
0	0	0	0	0	0	0	0	0	
0	0	0	0	0	0	0	0	0	
0	0	0	0	0	0	0	0	0	
0	0	0	0	0	0	0	0	0	
0	0	0	0	0	0	0	0	0	
0	0	0	0	0	0	0	0	0	
0.08	0.08	0.92	0.08	0	0	0	0	0	
0	0	0	0	2.38	0	0	0	0	
0	0	1.68	0	0.42	0	0	0	0	
0	0	0.84	0	0	0	0	0	0	
0	0	0.81	0.08	0.4	0	0	0.08	0	
0	0	0	0	0	0	0	0	0	
0	0	3.57	0	0	0	0	0	0	
0	0	0	0	0.86	0	0	0	0	
0	0	0	0	0	0	0	0	0	
0	0	0	0	0	0	0	0	0	
0	0	0	0	0.9	0	0	0	0	
0	0	0	0	0	0	0	4.76	0	
0	0	0	0	0	0	0	0	0	
0	0	0	0	0	0	0	0	0	
0	0	2.4	0	1.2	0	0	0	0	
0	0	0	0	0	0	0	0	0	
0	0	0	0	1.2	0	0	0	0	
0	0	0	0	0	0	0	0.86	0	
0	0	4.76	0	0	0	0	0	0	
0	0	0	0	0	0	0	0	0	
0.23	0.23	0.23	0	1.91	0.23	0.23	0	0	
0	0	0	0	0	0	0	0	0	
1.02	0	0.45	0.11	0.22	0	0	0	0	
1.15	0	0.34	0	0.23	0	0	0	0	
0	0	0	0	0	0	0	0	0	
0	0	0	0	6.66	0	0	0	0	
0	0	0	0	0	0	0	0	0	
0	0	1.19	0	1.19	0	0	0	0	
0.79	0	0.26	0	0.26	0	0	0	0	
0.51	0	0.15	0	0.15	0	0	0	0	
0.76	0	0.25	0	0.25	0	0	0	0	
0	0.58	4.09	0	0	0	0	0	0	
0.07	0	1.48	0.15	0	0.15	0.07	0	0	
0	0	5.88	0	0	0	0	0	0	
0	0	0	0	0	0	0	0	0	
0	0	0	0	0.74	0	0	0.74	0	
0	0	0	0	0	0	0	0	0	
0	0	0	0	1.26	0	0	0	0	
0	0	0	0	0	0	0	0	0	
0	0	0.13	0	0.39	0	0	0	0	
0	0	1.07	0	1.88	0	0	0.26	0	
0	0	1.09	0	0.72	0	0	0	0	
0	0	0	0	0	0	0	0	0	
0	0	0	0	0.86	0	0	0.43	0	
0	0	0	0	0	0	0	0	0	
0	0	0	0	0	0	0	0	0	
0	0	1.23	0	0	0	0	0	0	
0	0	0	0	0	0	0	0	0	
0	0	1.41	0	1.41	0	0	2.12	0	
0	0	0.3	0.12	0.12	0	0	0.02	0	
0	0	0	0	2.46	0	0	0	0	
0	0	0	0	0	0	0	0	0	
0	0	0	0	0	0	0	0	0	
0	0	0.51	0.51	1.03	0	0	0	0	
0	0	0	0	0	0	0	0	0	
0	0	0	0	1.75	0	0	0	0	
0	0	0	0	0	0	0	0	0	
0	0	3.7	0	0	0	0	0	0	
0	0	0	0	0	0	0	0	0	
0	0	0	0	0	0	0	0	0	
0	0	0	0	0	0	0	0	0	
0	0	0.9	0	0.22	0	0	0	0	
0	0	0	0	0	0	0	0	0	
0	0	0	0	0	0	0	0	0	
0	0	0	0	0	0	0	0	0	
0	0	0.64	0	0	0	0	0	0	
0	0	2.5	0	0	0	0	0	0	
0	0	5.88	0	0	0	0	0	0	
0	0	0	0	0	0	0	0	0	
0	0	0	0	0	0	0	0	0	
0	0	0	0	0	0	0	0	0	
0	0	0	0	0	0	0	2.56	0	
0	0	1.28	0	2.31	0	0	0	0	
0	0	0	0	0	0	0	0	0	
0.03	0	0.71	0.03	0.56	0	0	0.03	0	
0	0	0	0	0	0	0	0	0	
0.34	0	0.34	0	0	0	0	0	0	
0	0	1.19	0	0.89	0	0	0	0	
0	0	0	0	0	0	0	0	0	
0	0	3.72	0	0	0	0	0	0	
0	0	0	0	0	0	0	0	0	
0	0	0	0	1.43	0	0	0	0	
0	0	2.75	0	0	0	0	0	0	
0	0	0	0	1.88	1.25	0	0	0	
0.25	0.12	1.14	0.25	0	0.25	0	0	0	
0	2	2	0	8	0	0	0	0	
0	0	0	0	0	0	0	0	0	
0	0	0.9	0	0	0	0	0	0	
0	0	2.33	0	3.5	0	0	0	0	
0.2	0	0	0	0.2	0	0	0	0	
0	0	0	0	1.16	0	0	0	0	
0	0	0	0	0	0	0	0	0	
0	0	0.23	0	0	0	0	0	0	
0	0	5	0	0	0	0	0	0	
0	0	3.7	0	0	0	0	0	0	
0	0	0.46	0.46	0.46	0	0	0	0	
0	0	0.8	0	1.6	0	0	0	0	
0	0	0	0	0	0	0	0	0	
0	0	0	1.4	0	0	0	0	0	
0	0	0	0	2.11	0	0	0	0	
0.68	0.68	0	0	0.68	0	0	0	0	
0	0	0.55	0	0	0	0	0	0	
0	0	0	0	0	0	0	0	0	
0	0	0	0	3.38	0	0	0	0	
0	0	0	0	0	0	0	0	0	
0	0	2.7	0	2.7	0	0	0	0	
0	0	2.02	0	0	0	0	0	0	
0	0	0	0	9.52	0	0	0	0	
0	0	0	0	0	0	0	0	0	
0	0	0	0	0	0	0	0	0	
0	0	0	0	0	0	0	0.87	0	
0	0	1.4	0.2	0	0	0	0	0	
0	0	1.02	0	0	0	0	0	0	
0	0	0	0	0	0	0	0	0	
0	0	0	0	0	0	0	0	0	
0	0	0.52	0	0	0	0	0	0	
0	0	3.63	0	0	0	0	0	0	
0	0	6.45	0	0	0	0	0	0	
0	0	1.17	0	3.52	0	0	1.17	0	
0	0	0	0	0	0	0	0	0	
0	0	0	0.8	0.8	0	0	0	0	
0	0	0	0	0	0	0	0	0	
0	0	0	0	0	0	0	0	0	
0	0	0	0	0	0	0	0	0	
0	0	0.44	0	0	0	0	0	0	
0	0	0	0	0	0	0	0	0	
0	0	0	0	0	0	0	0	0	
0	0	0	0	0	0	0	0	0	
0	0	1.69	0	0	0	0	0	0	
0.32	0	1.3	0	0.32	0	0	0	0	
0	0	0	0	0.47	0	0	0.47	0	
0	0	0	0	0	0	0	0	0	
1.02	0	0.45	0	0.22	0	0	0.11	0	
0	0	0	0	0	0	0	0	0	
0	0	0	0	0	0	0	0	0	
0	0	4.65	0	0	0	0	0	0	
0	0	0.88	0	0	0	0	0	0	
0	0	0.63	0	0.63	0	0	0.63	0	
0	0	0	0	0	0	0	3.84	0	
0	0	0	0	0	0	0	0	0	
0	0	0	0	0	0	0	0	0	
0	0	0.54	0	0.54	0	0	0.54	0	
0	0	2.38	0	0	0	0	0	0	
0	0	0	0	0	0	0	0	0	
0	0	0	0	0	0	0	0	0	
0	0	0.65	0	1.31	0	0	0.65	0	
0	0	0.64	0	0	0	0	0	0	
0	0	0	0	0	0	0	0	0	
0	0	0	0	0	0	0	0	0	
0	0	0	0	0	0	0	1.2	0	
0	0	3.33	0	0	0	0	0	0	
0	0	0	0	0	0	0	0	0	
0	0	0	0	0.33	0	0	0	0	
0.34	0	2.07	0	1.03	0	0	0	0	
0	0	1.19	0	0	0	0	0	0	
0	0	0.76	0.09	0	0	0	0.47	0	
0	0	2.89	0	1.73	0	0	0	0	
0	0	0	0	0	0	0	0	0	
0	0	1.4	0	1.4	0	0	2.11	0	
0	0	0.72	0	0	0	0	0	0	
0	0	1.39	0	0	0	0	0	0	
0	0	0	0	2.06	0	0	0	0	
0.38	0	2.32	0	1.16	0	0	0	0	
0	0	0	0	0	0	0	0	0	
0	0	0	0	0	0	0	0	0	
0	0	0.21	0	0.21	0	0	0.21	0	
0	0	0.24	0	0.49	0	0	0	0	
0	0.23	0	0	0.23	0	0	0	0	
0	0	0	0	0	0	0	0	0	
0	0	3.75	0	0	0	0	0	0	
0	0	0	0	0	0	0	0	0	
0	0	0	0	0	0	0	0	0	
0	0.19	1.98	0	0.19	0	0	0	0	
0	0	0	0	1.76	0	0	0	0	
0.13	0.06	0.41	0.06	0.83	0	0.06	0	0	
0	0	0.09	0.18	0.37	0.09	0	0.09	0	
0	0	0	0	0	0	0	0	0	
0	0	0	0	0	0	0	0	0	
0	0	0	0	0	0	0	0	0	
0	0	0	0	0	0	0	2	0	
0	0	0	0	0	0	0	0	0	
0	0	2.7	0	0	0	0	0	0	
0	0	0	0	0	0	0	0	0	
0	0	0	0	2.35	0	0	0	0	
0	0	0	0	0	0	0	0	0	
0	0	0	0	0	0	0	0	0	
0	0	0	0	0	0	0	0	0	
0	0	0	0	0	0	0	0	0	
0	0	0	0	0	0	0.84	0	0	
0.12	0	0.6	0.12	0	0	0	0	0	
0.33	0.33	0.33	0.33	0.67	0	0	0	0	
0.92	0	0.4	0	0.2	0	0	0	0	
0	0.02	0.5	0.06	0.19	0.04	0	0.02	0	
0	0	1.66	0	1.66	0	1.66	0	0	
0	0	0.5	0	0	0.5	0	0	0	
0	0	0	0	0	0	0	0	0	
0	0	0	0	0.99	0	0	0	0	
0	0	1.32	0	0	0	0	0	0	
0	0	0	0	0	0	0	0	0	
0	0.3	2.42	0	0.6	0	0	0	0	
0	0	2.9	0	1.74	0	0	0	0	
0	0	5.26	0	0	0	0	0	0	
0	0	0	0	1.4	0	0	0	0	
0	0	0	0	0	0	0	0	0	
0	0	1.28	0	0	0	0	0	0	
0	0	0	0	1.48	0	0	0	0	
0	0.19	0.77	0.19	0	0	0	0	0	
0	0	1.06	0	0	0	0	0	0	
0	0	0.68	0	0	0	0	0	0	
0	0	0	0	0	0	0	4	0	
0	0	0	0	0	0	0	4.16	0	
0	0	0	0	0	0	0	0	0	
0	0	0	0	0	0	0	0	0	
0.36	0	0	0	0	0	0	0	0	
0	0	0	0	0	0	0	0	0	
0	2	2	0	8	0	0	0	0	
0	0	2.43	0	1.21	0	0	0	0	
0	0	2	0	0	0	0	0	0	
0	0	0	0	0	0	0	1.08	0	
0	0	0.56	0.12	0	0	0	0	0	
0	0	1.31	0	0	0	0	0	0	
0	0.19	0.76	0.19	0	0	0	0	0	
0.75	0	3	0	0	0	0	0	0	
0	0	1.69	0	0	0	0	0	0	
0	0	0	0	0	0	0	0	0	
0	0	0	0	0	0	0	0	0	
0	0	0	0	0	0	0	0	0	
0	0	0	0	0	0	0	0	0	
0	0	0	0	0	0	0	0	0	
0	0	0	1.61	0	0	0	0	0	
0	0	0	0	0	0	0	0	0	
0	0	0	0	0	0	0	0	0	
0	0	0	0	0	0	0	0	0	
0	0	0	0	0	0	0	0	0	
0	0	0	0	0	0	0	0	0	
0	0	0.99	0	0	0	0	0	0	
0	0	0	0	0	0	0	0	0	
0	0	0	0	0	0	0	0	0	
0	0	0	0	0	0	0	0	0	
0	0	0	0	0	0	0	0	0	
0	0	0	0	0	0	0	0	0	
0	0	0	0	0	0	0	0	0	
0	0	0	0	0	0	0	0	0	
0	0	0	0	0	0	0	0	0	
0	0	0	0	0	0	0	0	0	
0	0	0	0	0	0	0	0	0	
0	0	0	0	0	0	0	0	0	
0	0	0	0	0	0	0	0	0	
0	0	0	0	0	0	0	0	0	
0	0	0	0	0	0	0	0	0	
0	0	0	0	0	0	0	0	0	
0	0	0	0	0	0	0	0	0	
0	0	0	0	0	0	0	0	0	
0	0	0	0	0	0	0	0	0	
0	0	0	0	0	0	0	0	0	
0	0	0	0	0	0	0	0	0	
0	0	0	0	0	0	0	0	0	
0	0	0	0	0	0	0	0	0	
0	0	0	0	0	0	0	0	0	
0	0	0	0	0	0	0	0	0	
0	0	0	0	0	0	0	0	0	
0	0	0	0	0	0	0	0	0	
0	0	0	0	0	0	0	0	0	
0	0	0	0	0	0	0	0	0	
0	0	0	0	0	0	0	0	0	
0	0	0	0	0	0	0	0	0	
0	0	0	0	0	0	0	0	0	
0	0	0	0	0	0	0	0	0	
0	0	0	0	0	0	0	0	0	
0	0	0	0	0	0	0	0	0	
0	0	0	0	0	0	0	0	0	
0	0	0	0	0	0	0	0	0	
0	0	0	0	0	0	0	0	0	
0	0	0	0	0	0	0	0	0	
0	0	0	0	0	0	0	0	0	
0	0	0	0	0	0	0	0	0	
0	0	0	0	0	0	0	0	0	
0	0	0	0	0	0	0	0	0	
0	0	0	0	0	0	0	0	0	
0	0	0	0	0	0	0	0	0	
0	0	0	0	0	0	0	0	0	
0	0	0	0	0	0	0	0	0	
0	0	0	0	0	0	0	0	0	
0	0	0	0	0	0	0	0	0	
0	0	0	0	0	0	0	0	0	
0	0	0	0	0	0	0	0	0	
0	0	0	0	0	0	0	0	0	
0	0	0	0	0	0	0	0	0	
0	0	0	0	0	0	0	0	0	
0	0	0	0	0	0	0	0	0	
0	0	0	0	0	0	0	0	0	
0	0	0	0	0	0	0	0	0	
0	0	0	0	0	0	0	0	0	
0	0	0	0	0	0	0	0	0	
0	0	0	0	0	0	0	0	0	
0	0	0	0	0	0	0	0	0	
0	0	0	0	0	0	0	0	0	
0	0	0	0	0	0	0	0	0	
0	0	0	0	0	0	0	0	0	
0	0	0	0	0	0	0	0	0	
0	0	0	0	0	0	0	0	0	
0	0	0	0	0	0	0	0	0	
0	0	0	0	0	0	0	0	0	
0	0	0	0	0	0	0	0	0	
0	0	0	0	0	0	0	0	0	
0	0	0	0	0	0	0	0	0	
0	0	0	0	0	0	0	0	0	
0	0	0	0	0	0	0	0	0	
0	0	0	0	0	0	0	0	0	
0	0	0	0	0	0	0	0	0	
0	0	0	0	0	0	0	0	0	
0	0	0	0	0	0	0	0	0	
0	0	0	0	0	0	0	0	0	
0	0	0	0	0	0	0	0	0	
0	0	0	0	0	0	0	0	0	
0	0	0	0	0	0	0	0	0	
0	0	0	0	0	0	0	0	0	
0	0	0	0	0	0	0	0	0	
0	0	0	0	0	0	0	0	0	
0	0	0	0	0	0	0	0	0	
0	0	0	0	0	0	0	0	0	
0	0	0	0	0	0	0	0	0	
0	0	0	0	0	0	0	0	0	
0	0	0	0	0	0	0	0	0	
0	0	0	0	0	0	0	0	0	
0	0	0	0	0	0	0	0	0	
0	0	0	0	0	0	0	0	0	
0	0	0	0	0	0	0	0	0	
0	0	0	0	0	0	0	0	0	
0	0	0	0	0	0	0	0	0	
0	0	0	0	0	0	0	0	0	
0	0	0	0	0	0	0	0	0	
0	0	0	0	0	0	0	0	0	
0	0	0	0	0	0	0	0	0	
0	0	0	0	0	0	0	0	0	
0	0	0	0	0	0	0	0	0	
0	0	0	0	0	0	0	0	0	
0	0	0	0	0	0	0	0	0	
0	0	5.26	0	0	0	0	0	0	
0.15	0.3	0.46	0	1.07	0	0	0	0	
0	0	1.44	0	1.08	0	0	0	0	
0	0	0	0	0	0	0	0	0	
0	0	0	1.01	0	0	0	0	0	
0	0	0.76	0	0	0	0	0	0	
0	0	1.08	0	2.17	0	0	0	0	
0	0	1.84	0	0	0	0	0	0	
0	0	0.64	0	0	0	0	0	0	
0	0	0.53	0.53	1.06	0	0	0	0	
0	0	0	0	0	0	0	0	0	
0	0	0.14	0	0.14	0	0	0	0	
0	0	0	0	0	0	0	0	0	
0	0	3.33	0	0	0	0	0	0	
0	0	2.85	0	0	0	0	0	0	
0	0	1.35	0	0	0	0	0	0	
1.15	0	0.34	0	0.23	0	0	0	0	
0.8	0	0.26	0	0.17	0	0	0	0	
0.74	0	0.22	0	0.22	0	0	0	0	
0	0	0	0	0	0	0	0	0	
0.75	0	0	0	0	0	0	0	0	
0	0.41	0.83	0	1.66	0	0	0	0	
0.13	0.13	1.67	0.26	0.06	0	0	0.06	0	
0	0	0	0	0	0	0	0	0	
0.38	0	1.55	0	0.38	0	0	0	0	
0	0	0	0	0	0	0	0	0	
0	0	0.88	0	0	0	0	0	0	
0	0	0	0	0	0	0	0	0	
0	0	0.83	0	0.41	0	0	0	0	
0	0.03	0.64	0.08	0.33	0	0	0.05	0	
0	0	0	0	0	0	0	0	0	
0	0	0	0	0	0	0	0	0	
0	0	0.33	0	0	0	0	0	0	
0	0	0	0	0	0	0	0	0	
0	0	1.63	0	0	0	0	0	0	
0	0	1.56	0	0	0	0	0	0	
0	0	0	0	0	0	0	0	0	
0	0	0	0	0	0	0	0	0	
0	0	0.86	0	0	0	0	0	0	
0	0	1.21	0	0.94	0	0	0	0	
0	0	1.26	0	0	0	0	0	0	
1.28	0	0.64	0	1.28	0	0	0	0	
0	0	0.5	0	0	0	0	0.5	0	
0	0	1.33	0	0	0	0	0	0	
0	0	0	0	0	0	0	0	0	
0	0	0	0	0	0	0	0	0	
0	0	0	1.8	0	0	0	0.9	0	
0	0	0.49	0	0	0	0	0	0	
0	0	0.46	0	0	0.23	0	0	0	
0	0	0	0.86	0	0	0	0.86	0	
0	0	1.9	0.1	0	0	0	0	0	
0	0	1.61	0	0	0	0	0	0	
0	0	0	0	0	0	0	0	0	
0	0	0.43	0	0	0	0	0	0	
0	0	1.38	0	0	0	0	0	0	
0	0	0	0	0	0	0	0	0	
0	0	0	0	0	0	0	0	0	
0.75	0	0.75	0	0	0	0	0	0	
0	0	0	0	0	0	0	0	0	
0	0	0.38	0	0.96	0	0	0.19	0	
0	0	0	0	0.65	0	0	0	0	
0.25	0	0	0	0	0	0	0.25	0	
0	0	0	0	0	0	0	0	0	
0	0	0.88	0	2.22	0	0	0	0	
0.33	0	0	0	0	0	0	0	0	
0	0	0	0	0	0	0	0	0	
0	0.27	0.55	0	0.83	0	0	0	0	
0	0.29	1.45	0	1.45	0	0	0	0	
0	0	0	0	0	0	0	0	0	
0	0	2.22	0	0	0	0	0	0	
0	0	0	0	0	0	0	0	0	
0	0	3.33	0	1.11	0	0	0	0	
0	0	0	0	0	0	0	0	0	
0	0	0	0	0	0	0	0	0	
0	0	1.81	0	0	0	0	0	0	
0	2	2	0	8	0	0	0	0	
0	0	0	0	0	0	0	0	0	
0	0	0	0	0	0	0	0	0	
0	0	0.46	0	0	0	0	0.46	0	
0	0	1.23	0	0	0	0	0	0	
0	0	1.49	0	0	0	0	0	0	
0	0	0	0	0	0	0	0	0	
0	0	0.92	0	0	0	0	0	0	
0	0	0	0	0	0	0	0	0	
0	0	0	0	1.6	0	0	0	0	
0	0.15	1.07	0.15	0	0.22	0	0	0	
0	0.3	1.71	0	0.5	0	0	0	0	
0	1.11	0	0	0	0	0	0	0	
0	0	2	0	0	0	0	0	0	
0	0.14	1.04	0.14	0	0.22	0	0	0	
0	0	1.94	0	0	0	0	0	0	
0	0	0	0	0	0	0	0	0	
0	0	1.06	0	1.06	0	0	0	0	
0	0	3.44	0	0	0	0	0	0	
0	0	0	0	0	0	0	0	0	
0	0	0.55	0.55	0.55	0	0	0	0	
1.16	0	1.16	1.16	1.16	0	0	0	0	
0	0	1.85	1.85	0	0	0	0	0	
0	0	0	0	0	0	0	0	0	
0	0	0.52	0.17	0.17	0	0	0.17	0	
0	0	0.8	0.8	0	0	0	0	0	
0	0	1.02	1.02	0	0	0	0	0	
0	0	1	0	0	0	0	0	0	
0	0	0	0	0	0	0	1.2	0	
0	0	0.85	0	0	0	0	0	0	
0	0	0	0	0	0	0	0	0	
0	0	0	0	1.88	0	0	0	0	
0	0	0.5	0	0	0	0	0	0	
0	0	0	0	0.71	0	0	0	0	
0	0	1.46	0.36	0	0	0	0	0	
0	0	1.28	0.42	0	0	0	0	0	
0	0	0	0	0	0	0	0	0	
0	0	1.01	0	3.04	0	0	0	0	
0	0	0	0	0	0	0	0	0	
0	0	0	0	0	0	0	0	0	
0	0	0	0	0	0	0	0	0	
0	0	0	0	0	0	0	0	0	
0	0	0	0	3.03	0	0	0	0	
0	0	0.65	0	0	0	0	0	0	
0	0	0	0	0	0	0	0	0	
0	0	0	0	0	0	0	0	0	
0	0	0	0	0	0	0	0	0	
0	0	0	0	0	0	0	0	0	
0	0	1.85	0	0.46	0	0	0	0	
0	0	0	0	0	0	0	0	0	
0	0	0	0	0	0	0	0	0	
0	0	0	0	0	0	0	0	0	
0	0	0	0	0	0	0	0.85	0	
0	0	2.01	0	1.34	0	0	0	0	
0	0	1.01	0	0	0	0	0	0	
0	0	0	0	1.33	0	0	0	0	
0.04	0.04	0.74	0	0.65	0	0	0.04	0	
0	0	0	0	3.22	0	0	0	0	
0	0	2.04	0.2	0	0.2	0	0	0	
0	0	0	0	0	0	0	0	0	
0	0	1.11	0	0	0	0	0	0	
0	0	0.1	0	0	0	0	0.2	0	
0	0	0	0	0	0	0	0	0	
0	0	0	0	0	0	0	0	0	
0	0	1.96	0	0	0	0	0	0	
0	0	0	0	0	0	0	0.55	0	
0	0	0	0	0	0	0	0	0	
0	0	0	0	0.32	0	0	0	0	
0	0	0	0.78	0.78	0	0	0	0	
0	0	0	0	0	0	0	0	0	
0	0	0	0	1.42	0	0	0	0	
0	0	0.82	0	0	0	0	0	0	
0	0	2.43	0	2.43	0	0	0	0	
0	0	0	0	0	0	0	0	0	
0	0	1.04	0	0.52	0	0	0.26	0	
0	0	1.25	0	0.62	0	0	0	0	
0	0	0.63	0	0.31	0	0	0	0	
0	0.11	1.02	0	0	0	0	0.11	0	
0	0	1.43	0	0.71	0	0	0	0	
0	0	0	0	0	0	0	0	0	
0	0	0	0	0	0	0	0	0	
0	0.31	0.52	0.1	0	0.1	0	0.1	0	
0	0	1.4	0	1.4	0	0	2.11	0	
0	0	1.16	0	1.16	0	0	0	0	
0	0	0	0	0	0	0	0	0	
0	0	0	0.62	0.62	0	0	0	0	
0	0	0	0	0	0	0	0	0	
0	0	0	0	0	0	0.8	0	0	
0	0.2	0.41	0.1	0	0.1	0	0.1	0	
0	0	0	0	0	0	0	0	0	
0	0	0	0	0	0	0	2.32	0	
0	0	4.72	0	0	0	0	0	0	
0	0	1.28	0	0	0	0	0	0	
0	0	1.22	0	0	0	0	0	0	
0	0	0	0	0	0	0	0	0	
0	0	0	0	0	0	0	0	0	
0	0	0	0	0.39	0	0	0.39	0	
0	0.87	0.87	0	0	0	0	0.87	0	
0	0	0.6	0	1.21	0	0	0	0	
0	0	0.82	0	0.82	0	0	0	0	
0	0	0	0	0	0	0	0	0	
0	0	1.47	0	0.73	0	0	0	0	
0	1.31	0.43	0	0.87	0	0	0	0	
0	0	0	0	0	0	0	0	0	
0	0	2.94	0	0	0	0	0	0	
0	0	0	0	0	0	0	0	0	
0	0	0.47	0	0	0	0	0	0	
0	0	1.75	0	3.5	0	0	0	0	
0	0	0	0	0	0	0	0	0	
0	0	0.4	0	0.4	0	0	0	0	
0	0.88	0	0	0	0	0	0.88	0	
0	0	0	0	0	0	0	0	0	
0	0	0.51	0	0	0	0	0	0	
0.13	0	0.27	0	0	0	0	0	0	
0	0	0	0	0	0	0	2.32	0	
0	0	0	0	0	0	0	0	0	
0	0	0.57	0	0	0	0	0.28	0	
0	0	0	0	0	0	0	0	0	
0	0	0	0	0	0	0	0	0	
0	0.39	0.19	0	1.99	0	0	0	0	
0	0	0	0	0	0	0	0	0	
0	0	1.29	0	0	0	0	0	0	
0	0	1.75	0	0	0	0	0	0	
0	0	0.64	0	0.64	0	0	0	0	
0	0	0.68	0	1.59	0	0	0	0	
0	0	0	0	1.44	0	0	1.44	0	
0	0	0	0	0	0	0	0	0	
0	0	0	0	0	0	0	0	0	
0	0	0	0	0	0	0	0	0	
0	0	0	0	0	0	0	0	0	
0	0	0	0	0	0	0.24	0	0	
0	0	0	0	0	0	0	0	0	
0	0	0.63	0	0	0	0	0	0	
0	0	1.16	0	0	0	0	0	0	
0	0	0	0	0	0	0	0	0	
0	0	0	0	0	0	0	0	0	
0.4	0	0	0	0.4	0	0	0	0	
0	0	0	0	0	0	0	0	0	
0	0	2.08	0	0	0	0	0	0	
0.08	0.17	0.17	0.08	1.14	0	0	0	0	
0	0	0.54	0	0.18	0	0	0	0	
0	2	2	0	8	0	0	0	0	
0	0	0.99	0.11	0	0.11	0	0	0	
0	0	0.33	0	0.67	0	0	0.33	0	
0	0	0.59	0	0.59	0	0	0	0	
0	0	0	0	0.3	0	0	0	0	
0	0	0.81	0	0.4	0	0	0	0	
0	0	0	0	0	0	0	0	0	
0	0	0	0	0	0	0	0	0	
0	0	0	0	0	0	0	0.16	0	
0	0	0	0	0	0	0	0	0	
0	0	0.4	0	1.22	0	0	0	0	
0	0	0	0	1.49	0	0	0	0	
0	0	0	0	0	0	0	0	0	
0	0	0	0	0	0	0	2.22	0	
0	0	0	0	0	0	0	0	0	
0	0	0	0	0	0	0	0	0	
0	0	2.29	0	0	0	0	0	0	
0.73	0	0.24	0	0.16	0	0	0	0	
1.11	0	0.37	0	0.24	0	0	0	0	
0.61	0	0.2	0	0.2	0	0	0	0	
0.77	0	0.25	0	0.25	0	0	0.17	0	
0.4	0	0.1	0	0.1	0	0	0	0	
0	0	3.27	0	0	0	0	0	0	
0	0	0	0	0.23	0	0	0.23	0	
0	0	0	0	0	0	0	0	0	
0	0	0.54	0.54	0	0	0	0	0	
0	0	0	0	0	0	0	0	0	
0	0	2.23	0	0	0	0.74	0	0	
0	0	0.8	0	0	0	0	0.8	0	
0	0	1.38	0	0	0	0	0	0	
0.04	0	0.41	0.06	0.34	0.02	0	0	0	
0	0	0.86	0	0.86	0	0	0	0	
0	0	0	0	0	0	0	0	0	
0	0	1.24	0	0	0	0	0.62	0	
0	0	0	0	6.89	0	0	0	0	
0	0.14	1.46	0.14	0.43	0	0	0.14	0	
0	0	0	0.37	0.37	0	0	0	0	
0	0	0	0	1.17	0	0	0	0	
0	0	0.88	0	0	0	0	0	0	
0	0.31	0	0	0	0	0	0	0	
0	0	0	0	0	0	0	0	0	
0	0	0	0	0	0	0	0	0	
0	0	1.81	0	0	0	0	0	0	
0	0	4.34	0	0	0	0	0	0	
0	0	0	0	0	0	0	0	0	
0	0	2.08	0	0	0	0	0	0	
0	0	0	0	0	0	0	0	0	
0	0.18	1.01	0.18	0	0	0	0	0	
0	0	0	0	0	0	0	0.77	0	
0	0	0	0	0	0	0	0	0	
0	0	0.53	0	0	0	0	0	0	
0	0	0	0	0	0	0	0	0	
0	0	2.94	0	0	0	0	0	0	
0	0	0	0	0	0	0	0	0	
0	0	0	0	0	0	0	0	0	
0	0	0.47	0	0	0	0	0	0	
0	0	4.08	0	0	0	0	0	0	
0	0	0	0	0	0	0	0	0	
0	0	0.84	0	0	0	0	0	0	
0.32	0	1.29	0	0	0	0	0	0	
0	0	0	0	0	0	0	0	0	
0	0	0	0	0.33	0	0	0.33	0	
0	0	0	0	1.23	0	0	0	0	
0	0.25	0.5	0	0.75	0	0	0	0	
0	0	2.32	0	0	0	0	0	0	
0	0	0	0.54	0.54	0	0	0	0	
0	0.09	1.33	0.19	0.19	0	0	0.19	0	
0	0	0.88	0	0	0	0	0	0	
0	0	0	0	1.17	0	0	0	0	
0	0	1.62	0	0	0	0	0	0	
0	0	0	0	0	0	0	0	0	
0	0	0	0	0	0	0	0	0	
0	0	0	0	0	0	0	0	0	
0	0	0	0	0	0	0	0	0	
0	0.17	1.74	0.17	0.17	0	0	0.17	0	
0.06	0	0.55	0.06	1.05	0	0	0.06	0	
0	0	0	0	0	0	0	0	0	
0	0	0	0	0.8	0	0	0	0	
0	0	0.42	0	0	0	0	0	0	
0	0	0	0	0	0	0	0	0	
0	0	0	0.17	1.02	0	0	0	0	
0	0	0	0	0	0	0	0	0	
0	0	0	0	0	0	0	0	0	
0	0	0.22	0	0	0	0	0	0	
0	0	0	0	0	0	0	0	0	
0	0	1.09	0	0	0	0	0	0	
0	0	2.56	0	0	0	0	0	0	
0	0	0	0	0	0	0	0	0	
0	0	0	0	0	0	0	0	0	
0	0	0	0	0	0	0	0	0	
0	0	4.22	0	1.4	0	0	0	0	
0	0	0	0	0	0	0	0	0	
0	0	0	0	0	0	0	0	0	
0	0.15	1.84	0.07	0	0.23	0	0	0	
0	0	0	0	0	0	0	0	0	
0	0	0	0	0	0	0	0	0	
0	0	0.33	0.33	0.33	0	0	0	0	
0	0	0	0	0	0	0	0	0	
0	0	0	0	0	0	0	0	0	
0	0	0.92	0	0.92	0	0	0	0	
0	0	0	0	0	0	0	0	0	
0	0	0	0	0.66	0	0	0.33	0	
0	0	1.15	0	0.38	0	0	0	0	
0	0	0	0	0	0	0	0	0	
0	0	0	0	0	0	0	0	0	
0	0	0	0	0.9	0	0	0	0	
0	0	0.6	0.06	0.73	0	0	0	0	
0	0	0	0	0	0	0	0	0	
0	0	0	0	0.4	0	0	0	0	
0	0	0	0	0	0	0	0	0	
0	0	0	0	0	0	0	0	0	
0	0	0	0	0	0	0	0	0	
0	0	0.19	0.19	0.19	0.19	0	0	0	
0	0	0	0	0	0	0	4.16	0	
0	0	0	0	0	0	0	4.34	0	
0	0	0	1.09	0.54	0	0	0.54	0	
0	0	0	0	0	0	0	0	0	
0	0	0	0	0	0	0	0.58	0	
0	0	0.67	0.67	0	0	0	0.67	0	
0	0	0	0	1.03	0	0	0	0	
0	0	2.4	0	0	0	0	0	0	
0.08	0.16	0.74	0.57	0	0.24	0	0	0	
0	0	0	0	1.78	0	0	0	0	
0	0	1.31	0	0	0	0	0	0	
0	0	0	0	2.77	0	0	0	0	
0	0	0.32	0	0.32	0	0	0.32	0	
0	0	0	0	0.76	0	0	0.76	0	
0	0	1.6	0	0	0	0	0	0	
0	0	0.51	0	0	0	0	0.51	0	
0	0	0.51	0	0	0	0	0	0	
0	0	1.05	0	0	0	0	0	0	
0	0	0	0	0	0	0	0	0	
0	0	0	0	2.22	0	0	0	0	
0	0	0	0	0	0	0	4.34	0	
0	0	0	0	0	0	0	0	0	
0	0	0	0	0	0	0	0	0	
0	0	0	0	0.84	0	0	0	0	
0	0	0.69	0	0.69	0	0	0	0	
0	0	1.58	0	1.58	0	0	0	0	
0	0	0	0	0	0	0	0	0	
0	0	0	1.36	0.9	0	0.45	0	0	
0	0	1.4	0	0	0	0	0	0	
0	0	0.26	0	0.26	0	0	0	0	
0	0	0.27	1.39	0.55	0	0	0	0	
0	0	0	0	1.23	0	0	0	0	
0	0	0	0	3.63	0	0	0	0	
0	0	0.97	0	0.97	0	0	0	0	
0	0	0	0	0	0	0	0	0	
0	0	0	0	2.15	0	0	0	0	
0	0	0	0	0.86	0	0	0	0	
0	0	0	0	0	0	0	0	0	
0	0	0.69	0	1.39	0	0	0	0	
0	0	0	0	0	0	0	0	0	
0	0	0.99	0	0.99	0	0	0	0	
0	0	0	0	0	0	0	0	0	
0.48	0.48	0.48	0	1.44	0.48	0	0	0	
0	0	0	0	0	0	0	0	0	
0	0	2.01	0	0	0	0	0	0	
0	0	0.39	0.19	0.59	0	0	0	0	
0	0	0	0	0	0	0	0	0	
0	0	0	0	0	0	0	0	0	
0	0	0	0	2.32	0	0	0	0	
0	0	0	0	0	0	0	0	0	
0	0	0	0	2.89	0	0	0	0	
0	0	2.18	0.54	0.54	0	0	0	0	
0	0	0	0	0	0	0	0	0	
0	0	0	0	1.06	0	0	0	0	
0	0	1.29	0	2.59	0	0	0	0	
0	0	0	0	0	0	0	0	0	
0	0	3.84	0	0	0	0	0	0	
0	0	1.34	0	1.34	0	0	0	0	
0	0	0	0	3.7	0	0	0	0	
0	0	4.16	0	0	0	0	0	0	
0	0	0	0	1	0	0	0	0	
0	0	0	0	0	0	0	0	0	
0	0	0	0	0	0	0	0	0	
0	0	0	0	0	0	0	0	0	
0	0	0	0	0	0	0	0	0	
0	0	0	0	0	0	0	0	0	
0	0	0	0	0	0	0	0	0	
0	0	0	0	0.68	0	0	0	0	
0	0	0.99	0	0	0	0	0	0	
0	0	0	0	0	0	0	0	0	
0	0	2.38	0	1.19	0	0	0	0	
0	0	3.57	0	0	0	0	0	0	
0	0	1.81	0	0	0	0	0	0	
0	0	0	0	0	0	0	0	0	
0.08	0	0	0.08	1.39	0	0	0	0	
0	0	0	0	0	0	0	0	0	
0	0	0	0	2.17	0	0	0	0	
0	0	0	0	0	0	0	0	0	
0	0	0	0	0	0	0	0	0	
0	0	0.84	0	0.84	0	0	0	0	
0	0	1.86	0	0.93	0	0	0	0	
0	0	0	0	0	0	0	0	0	
0	0	0	0	0	0	0	0	0	
0	0	0	0	0	0	0	0	0	
0	0	0	0	0	0	0	0	0	
0	0	1.53	0	0	0	0	0	0	
0	0	0	0	0	0	0	0	0	
0	0.27	1.93	0.13	0.13	0	0	0	0	
0	0	0	0	0	0	0	0	0	
0	0	0	0	0	0	0	0	0	
0	0	0	0	0	0	0	0	0	
0	0	0	0	0.95	0	0	0	0	
0	0	0	0	2.98	0	0	0	0	
0	0	0	0	0	0	0	0	0	
0	0	0.6	0.6	0	0	0	0	0	
0	0	0	0	0	0	0	0	0	
0	0	1.28	0	0	0	0	0	0	
0	0	0	0.47	0	0	0	0	0	
0	0	1.75	0	0	0	0	0	0	
0	0	0	0	2.66	0	0	0	0	
0	0	0	0	0	0	0	0	0	
0	0	0	0	0	0	0	0	0	
0	0	0	0.68	0	0	0	0	0	
0	0	0	0	0	0	0	0	0	
0	0	0	0	0	0	0	0	0	
0	0	0.45	0	1.36	0	0	0	0	
0	0	0	0	2.04	0	0	0	0	
0	0	0	0	0	0	0	0	0	
0	0	0.84	0	1.69	0	0	0	0	
0	0	0	0	1.16	0	1.16	0	0	
0.35	0	0	0	3.5	0	0	0	0	
0	0	1.57	0	0.52	0	0	0	0	
0	0	0	1.02	0	0	0	0	0	
0	0	0	0	0	0	0	0	0	
0	0	0	0	1.25	0	0	0	0	
0	0.1	0.51	0	0.93	0.1	0	0	0	
0	0	0	0	0	0	0	0	0	
0	0	0	0	0	0	0	0	0	
0	0	0	1.29	0	0	0	0	0	
0	0	0	1.13	0	0	0	0	0	
0	0	0	0	0	0	0	0	0	
0	0	0	0	4.76	0	0	0	0	
0	0	0.69	0	0	0	0	0	0	
0	0	0.6	0	0	0	0	0	0	
0	0	0	0	0	0	0	0	0	
0.4	0	0	0	0.4	0	0	0	0	
0	0	0	0	0	0	0	0	0	
0	0	0	0	0	0	0	0	0	
0	0	0	0	0	0	0	0	0	
0	0	0.66	0	0	0	0	0	0	
0	0	0	0	0	0	0	0	0	
0	0	0	0.44	0.44	0	0	0	0	
0	0	0	0	0	0	0	0	0	
0	0	0.78	0	3.9	0	0	0	0	
0	0	0	0.81	0	0	0	0	0	
0	0	0.55	0.55	0	0	0	0	0	
0	0	0	1.26	1.26	0	0	0	0	
0	0	0	0.62	0.62	0	0	0	0	
0	0	0.27	0.27	0.54	0	0	0	0	
0	0	0	0.78	0.78	0	0	0	0	
0	0	0	1.47	2.94	0	0	0	0	
0	0	0	0.54	1.63	0	0	0	0	
0	0	0	0.82	0	0	0	0	0	
0	0	0	0.65	0	0	0	0	0	
0	0	3.94	0	1.31	0	0	0	0	
0	0	0	1	0	0	0	0	0	
0	0	0	1.09	0	0	0	0	0	
0	0	1.29	0.48	0.32	0	0	0	0	
0	0	0	0.87	0	0	0	0	0	
0	0	0	0.97	0	0	0	0	0	
0	0	1.01	0.33	0.33	0.33	0	0	0	
0.07	0	0.07	0.15	1.3	0	0	0	0	
0.09	0	0.09	0.09	0.09	0	0	0	0	
0	0	0	0.87	0.09	0	0	0.09	0	
0	0	0.47	0.66	0.09	0	0	0	0	
0	0	0	0	1.34	0	0	0	0	
0	0	0	0.22	0.22	0	0	0	0	
0	0	0.66	0	0.66	0	0	0	0	
0	0	0	0	0.86	0	0	0	0	
0	0	1.72	0.86	0.86	0	0	0	0	
0	0	1.28	0	0	0	0	0	0	
0	0	0	0	0.78	0	0	0	0	
0	0	0	0	1.36	0	0	0	0	
0	0	0	0	0	0	0	0	0	
0	0	0	0	0.51	0	0	0	0	
0.32	0	0	0.16	0.48	0	0.16	0	0	
0	0	0	0	0	0	0	0	0	
0	0	1.16	0	0	0	0	0	0	
0	0	0	0	0	0	0	0	0	
0	0	0	0	0	0	0	0	0	
0	0	0	0	0	0	0	0	0	
0	0	0	0.53	0.53	0	0	0	0	
0	0	0.77	0	0	0	0	0	0	
0	0	0	0	0.71	0	0	0	0	
0	0	0	0	0	0	0	0	0	
0.27	0	0	0	0.27	0	0	0	0	
0	0	0.34	0	0	0	0	0	0	
0	0	0	0	1.2	0	0	0	0	
0	0	0	0	2.12	0	0	0	0	
0	0	0	0	1.85	0	0	0	0	
0	0	0	0	0	0	0	0	0	
0	0	0	0	0	0	0	0	0	
0	0	0	0	0	0	0	0	0	
0	0	1.53	0.76	0.76	0	0	0	0	
0	0	0.91	0.91	0.91	0	1.83	0	0	
0	0	0.83	0	0.83	0	0	0	0	
0	0	2.35	1.17	0	0	0	0	0	
0	0	0	0.96	0	0	0	0	0	
0	0	0	0	0.78	0	0	0	0	
0	0	3.52	0	0	0	0	0	0	
0	0	2.35	0.78	0.39	0	0	0	0	
0	0	0.75	1.5	0.75	0	0	0	0	
0	0	0	0	0	0	0	0	0	
0	0	1.88	0	0	0	0	0	0	
0	0	0.72	0	0	0	0	0	0	
0	0	0	0	1.75	0	0	0	0	
0	0	0	0.39	0.78	0.39	0.39	0	0	
0	0	1.31	0	3.94	0	1.31	0	0	
0	0	0	0	0	0	0	0	0	
0	0	0.71	0	0.71	0	0	0	0	
0	0	0	0	0.9	0	0	0	0	
0	0	1.25	0	0	0	1.25	0	0	
0	0	0.31	0.31	0.94	0	0	0	0	
0	0	0	0	0.43	0	0	0	0	
0	0	1.85	1.85	0	0	0	0	0	
0	0	0	0	0	0	0	0	0	
0	0	0	0	0.35	0	0	0	0	
0	0	0	0	0	0	0	0	0	
0	0	0	0	1.17	0	0	0	0	
0	0	0.28	0	0.86	0	0	0	0	
0	0	0	0	0	0	0	0	0	
0	0	0	0	0	0	0	0	0	
0	0	0	0	0	0	0	0	0	
0.13	0.13	0.13	0	1.86	0	0	0	0	
0	0	0.49	0	1.47	0	0	0	0	
0	0	0	0	0	0	0	0	0	
0	0	0	0	0.81	0	0	0	0	
0	0	0	0	0	0	0	0	0	
0	0	0	0	0	0	1.69	0	0	
0	0	1.25	0	3.75	0	0	0	0	
0	0	0	0	2.63	0	0	0	0	
0	0	0	0	0.52	0	0	0	0	
0	0	0	0	2.94	0	0	0	0	
0	0	1.92	0	1.92	0	0	0	0	
0	0	0.79	0	0	0	0	0	0	
0	0	0	0	0	0	0	0	0	
0	0	0.28	0.28	0	0	0.28	0	0	
0	0	0	0	0	0	0	0	0	
0	0	0	0	0.97	0	0.48	0	0	
0	0	0.61	0	0	0	0	0	0	
0	0	0.71	0	1.07	0	0	0	0	
0	0	1.29	0	2.59	0	0	0	0	
0	0	0	0.51	0	0	0	0	0	
0	0	0.77	0	1.16	0	0	0	0	
0	0	0	0	0.95	0	0	0	0	
0	0	0	0	3.07	0	0	0	0	
0	0	1.69	0	1.69	0	0	0	0	
0	0	0	0	3.33	0	0	0	0	
0	0	0	0	0	0	0	0	0	
0	0	0.87	0	0.87	0	0.87	0	0	
0	0	0	0	0	0	0	0	0	
0	0	3.26	0	0	0	0	0	0	
0	0	0	0	0	0	0	0	0	
0	0	0	0	0	0	0	0	0	
0	0	0	0	0	0	0	0	0	
0	0	0	0	0	0	0	0	0	
0	0	0	0	0.36	0	0	0	0	
0	0	0	0	0.21	0	0	0	0	
0	0	0.36	0	0	0	0	0	0	
0	0	0.44	0	0	0	0	0	0	
0	0	0.41	0	0	0	0	0	0	
0	0	0	0	0	0	0	0	0	
0	0	0	0	1.38	0	0	0	0	
0	0	2.12	0	0	0	0	0	0	
0	0	0.35	0	0	0	0	0	0	
0	0	1.01	0	0	0	0	0	0	
0	0	0	0	0.36	0	0	0	0	
0	0	0	0	0	0	0	0	0	
0	0	3.57	0	1.78	0	0	0	0	
0	0	0.73	0	0	0	0	0	0	
0	0	1.49	0	1.49	0	0	0	0	
0	0	2.09	0	0.69	0	0	0	0	
0	0	1.44	0	0.96	0	0	0.16	0	
0	0	1.02	0	0	0	0	0	0	
0	0	0	0	0	0	0	0	0	
0	0	0	0	0	0	0	0	0	
0	0	0.56	0	0	0	0.56	0	0	
0	0	0.67	0	2.02	0	0	0	0	
0	0	0	0	0	0	0	0	0	
0	0	0	0	2.81	0	0	0	0	
0	0	0.28	0.28	2.16	0.18	0	0	0	
0	0	0	0	0	0	0	0	0	
0	0	0	0	0	0	0	0	0	
0	0	1	0	0	0	0	0	0	
0	0	0.48	0	0	0	0	0	0	
0	0	1.13	0	0	0	0	0	0	
0	0	1.98	0	0.99	0	0	0	0	
0	0	0	0	0.5	0	0	0	0	
0	0	0	0	0	0	0	0	0	
0	0	0.34	0	0	0	0	0	0	
0	0	0.46	0	0	0	0.46	0	0	
0	0	0	0.09	1.35	0	0	0	0	
0	0	0	0	0	0	0	0	0	
0	0	0	0	0	0	0	0	0	
0	0	0	0	5.55	0	0	0	0	
0	0	0	0	0	0	0	0	0	
0	0	0	0	0	0	0	0	0	
0	0	0	0	0	0	0	0	0	
0	0	0.71	0.71	0	0	0	0	0	
0	0	0	0	0	0	0	0	0	
0	0	0	0	0	0	0	0	0	
0	0	0	0	0	0	0	0	0	
0	0	0.22	0	0.22	0	0	0	0	
0	0	0.84	0	0	0	0	0	0	
0	0	1.63	0	0	0	0	0	0	
0	0	0	0	0.95	0	0	0	0	
0	0	0	0	0.62	0	0	0	0	
0	0	0	0	0	0	0	0	0	
0	0	0	0	0	0	0	0	0	
0	0	0.76	0	0	0	0	0	0	
0	0	0	0	4.87	0	9.75	0	0	
0	0	3.33	0	0	0	0	0	0	
0	0.24	0.72	0.24	2.16	0.48	0	0	0	
0	0	0.3	0.3	0	0	0	0	0	
0	0	0	0	0	0	0	0	0	
0	0	0	0	0	0	0	0	0	
0	0	2.81	0	0.31	0	0	0	0	
0	0	1.36	0	0	0	0	0	0	
0	0	0.51	0	0	0.51	0	0	0	
0	0	1.37	1.37	1.03	0	0	0	0	
0	0	0	0	0	0	0	0	0	
0	0	0	0	0	0	0	0	0	
0	0	2.12	0	1.06	0	0	0	0	
0	0	0.26	0	0.52	0	0	0	0	
0	0	0.69	0	0.69	0	0	0	0	
0	0.54	1.09	0	0	0	0	0	0	
0	0	1.25	0	1.25	0	0	0	0	
0.55	0	0	0.55	0.55	0	0	0	0	
0	0	0	0.54	0.54	0	0	0	0	
0	0	2.27	0	0	0	0	0	0	
0	0	0.92	0	0.92	0	0	0	0	
0	0	0.99	0	0	0	0	0	0	
0	0.12	0.38	0	0.51	0	0	0	0	
0	0	0.45	0	0.9	0	0	0	0	
0	0	0.6	0	0.6	0	0	0	0	
0	0	0.6	0	0.6	0	0	0	0	
0	0	0	0	0	0	0	0	0	
0	0	0	0	7.14	0	0	0	0	
0	0	0	0	0.33	0	0	0	0	
0	0	0	0	0.55	0	0	0	0	
0	0	0	0	0	0	0	0	0	
0	0	0	0	1.56	0	0	0.26	0	
0	0	0	0	0	0	0	0	0	
0	0.34	0	0	2.73	0	0	0	0	
0	0.29	0	0	1.49	0	0	0	0	
0	0	0	0	0	0	0	0	0	
0	0	0.06	0.06	1.1	0	0	0	0	
0	0	0	0	0	0	0	0	0	
0	0	0.43	0.08	1.03	0	0	0	0	
0	0	0	0	0	0	0	0	0	
0	0	0	0	0	0	0	0	0	
0	0	0.78	0	0	0	0	0	0	
0	0	0	0	0	0	0	0	0	
0	0	0	0	0	0	0	0	0	
0	0	0	0	0.6	0	0	0	0	
0	0	0	0	0	0	0	0	0	
0	0	0	0	1.73	0	0	0	0	
0	0	0	0	0.21	0	0	0	0	
0	0	0	0	0	0	0	0	0	
0	0	3.03	0	2.02	0	0	0	0	
0	0	3.25	0	1.62	0	0	0	0	
0	0	0.9	0.9	2.72	0	0	0	0	
0	0	0	0	1.42	0	0	0	0	
0	0	6.29	0	0.69	0	0	0	0	
0	0	0	0	0	0	0	0	0	
0	0	0.07	0.37	0.22	0	0	0	0	
0	0	3.03	0	0	0	0	0	0	
0	0	3.44	0	0	0	0	0	0	
0	0	0	0	0	0	0	0	0	
0	0	4.34	0	0	0	0	0	0	
0	0	0	0	0	0	0	0	0	
0	0	0	0	0	0	0	0	0	
0	0	1.66	0	0	0	0	0	0	
0	0	1.08	0	0	0	0	0	0	
0	0	1.61	0	1.61	0	0	0	0	
0	0	0	0	0	0	0.38	0	0	
0	0	0	0	3.17	0	0	0	0	
0	0	0	0	0	0	9.09	0	0	
0	0.36	1.46	0	0.36	0	0.73	0	0	
0	0	0	0	0	0	0	0	0	
0	0	0	0	0	0	0	0	0	
0	0	2.58	0	0	0	0	0	0	
0	0	1.78	0	1.78	0	0	0	0	
0	0	1.26	0	1.26	0	0	0	0	
0	0	0	0	0	0	0	0	0	
0	0	0.79	0	2.38	0	0	0	0	
0	0	0	0	0	0	0	0	0	
0	0	0	0	0	0	0	0	0	
0	0	1.38	0.15	1.68	0.15	0	0	0	
0	0	1.29	0.32	0.32	0	0	0	0	
0	0	0.16	0.16	0.5	0	0	0	0	
0	0	0	0	1.09	0	0	0	0	
0	0	0	0	0	0	0	0	0	
0	0	0.41	0.27	0.27	0	0	0	0	
0	0	0.16	0.32	0.32	0	0	0	0	
0	0	1.44	0	0	0	0	0	0	
0	0.21	0	0.42	0.42	0	0	0	0	
0	0	0	0	0	0	0	0	0	
0	0	0	0	0	0	0	0	0	
0	0	0	0	1.01	0	0	0	0	
0.58	0	1.16	0	1.16	0	0	0	0	
0	0	0	0	0	0	0	0	0	
0	0	0	0	1.49	0	0	0	0	
0	0	1.43	0	0	0	0	0	0	
0	0	0	0	0	0	0	0	0	
0	0	0	0	0	0	0	0	0	
0	0	0	0.33	0.33	0	0.33	0	0	
0	0	1.62	0	0	0	0	0	0	
0	0	0	0	0	0	0	0	0	
0	0	0	0	0.59	0	0	0	0	
0	0	1.28	0	1.6	0	0	0	0	
0	0	0	0	0	0	0	0	0	
0	0	1.23	0	0.61	0	0.61	0	0	
0	0	0	0	0	0	0	0	0	
0	0	1.25	0	0.41	0	0	0	0	
0	0	0	0	0.81	0	0	0	0	
0	0	0	0	0.77	0	0	0	0	
0	0	0	0	0.55	0	0	0	0	
0	0	0	0	3.03	0	0	0	0	
0	0	0	0	0.37	0	0	0	0	
0	0	1.03	0	1.03	0	0	0	0	
0	0	0	0.31	0.63	0	0	0	0	
0	0	0	0	0.4	0	0	0	0	
0	0	0	0	0.44	0	0	0	0	
0	0	0	0	0.41	0	0	0	0	
0	0	0	0	0.72	0	0	0	0	
0	0	0.59	0	0.29	0	0	0	0	
0	0	0.13	0	0.39	0	0	0	0	
0	0	0	0.61	0.3	0	0	0	0	
0	0	0.24	0	1.23	0	0	0	0	
0	0	0.24	0	1.23	0	0	0	0	
0	0	0	0	0.87	0	0	0	0	
0	0	0.24	0	1.23	0	0	0	0	
0	0	0.61	0.61	0.61	0	0	0	0	
0	0	0.28	0	0.14	0	0	0	0	
0	0	0	0	0.44	0	0	0	0	
0	0	0.17	0	0.25	0	0.08	0	0	
0	0	0	0.34	0	0	0	0	0	
0	0	0	0.7	0	0	0	0	0	
0	0	1.28	0	0	0	0	0	0	
0	0	0.31	0	0	0	0	0	0	
0	0	0.3	0.6	1.51	0	0	0	0	
0	0	0.12	0.25	0.51	0	0	0	0	
0.64	0	0	0	0	0	0	0	0	
0.74	0	0	0	0	0	0	0	0	
0	0	0	0	2.12	0	0	0	0	
0	0	0	0	0	0	0	0	0	
0	0	0	0	0	0	0	0	0	
0	0	0	0	0	0	0	0	0	
0	0	0	0.25	0.51	0	0	0	0	
0	0	0	0	0	0	0	0	0	
0	0	0.5	0.16	0.67	0	0	0	0	
0	0	0	0	0.95	0	0	0	0	
0	0	0	0	3.61	0	0	0	0	
0	0	0	0	0	0	0	0	0	
0	0	1.2	0	0	0	0	0	0	
0	0	0	0	1.92	0	0	0	0	
0	0	0	0	1.17	0	0	0	0	
0	0	0	0	0	0	0	0	0	
0	0	0	0	0	0	0	0	0	
0	0	0	0	0	0	0	0	0	
0	0	0	0.44	0.89	0	0	0	0	
0	0	4.28	0	0	0	0	0	0	
0	0	1.15	0.38	0	0	0	0	0	
0	0	0	0.26	0.26	0	0	0	0	
0	0	2.85	0	0	0	0	0	0	
0	0	0.94	0	0	0	0	0	0	
0	0	0	0	0	0	0	0	0	
0	0	0	0	0	0	0	0	0	
0	0	0.37	0.37	0.37	0	0.37	0	0	
0	0	0	0	0.28	0	0	0	0	
0	0	0	0	4.16	0	0	0	0	
0	0	0.31	0	0	0	0	0	0	
0.11	0.34	0.23	0.11	0.46	0.34	0	0	0	
0	0	0	0.08	0.08	0	0	0	0	
0	0	0	0	0	0	0	0	0	
0	0	0	0.8	0.8	0	0	0	0	
0	0	0	0	3.1	0	0	0	0	
0	0	0.58	0.19	0.58	0	0	0	0	
0	0	0	0	0	0	0	0	0	
0	0	0.71	0	1.06	0	0	0	0	
0	0	0	0	0.58	0	0	0	0	
0	0	1.25	0	0	0	0	0	0	
0	0	0	0	0	0	0	0	0	
0	0	0	0	0	0	0	0	0	
0	0	1.36	0	0	0	0	0	0	
0	0	0.95	0	0	0	0	0	0	
0	0	0	0	0.71	0	0	0	0	
0	0	0	0	0	0	0	0	0	
0	0	0	0	1.61	0	0	0	0	
0	0	0.74	1.49	1.49	0	0	0	0	
0	0	0.78	0	0.78	0	0	0	0	
0	0	0	0	1.28	0	0	0	0	
0	0	2.38	0	2.38	0	0	0	0	
0	0	0	0	0	0	0	0	0	
0	0	0	0	0	0	0	0	0	
0	0	2.22	0	0	0	0	0	0	
0	0	0	0	0	0	0	0	0	
0	0	0.11	0.11	0.35	0	0	0	0	
0	0	0	0	0	0	0	0	0	
0	0	0	0	0	0	0	0	0	
0	0	0	0	0	0	0	0	0	
0	0	0	1.08	0	0	0	0	0	
0	0	0	0	0	0	0	0	0	
0	0	0	0	0	0	0	0	0	
0	0	0	0	0	0	0	0	0	
0	0	0.86	0.86	0.86	0	0	0	0	
0	0	0	0	0	0	0	0	0	
0	0	0	0	0.98	0	0	0	0	
0	0	0	0	2	0	0	0	0	
0	0	0.67	0	3.35	0	0	0	0	
0	0	0	0.19	0.38	0	0	0	0	
0	0	0.63	0	0	0	0	0	0	
0	0	0	0	0	0	0	0	0	
0	0	0.21	0	0.42	0	0	0	0	
0	0	0	0	0.37	0	0	0	0	
0	0	0.33	0	2.64	0	0	0	0	
0	0	0.1	0.2	0	0	0	0	0	
0	0	0	0.24	0.12	0	0	0	0	
0	0	0	0	0	0	0	0	0	
0	0	0	0	1.86	0	0	0	0	
0	0	0	0	0	0	0	0	0	
0	0	0	0	0	0	0	0	0	
0	0	1.92	0	1.92	0	0	0	0	
0	0	0	0	0	0	0	0	0	
0	0	0	0	0	0	0	0	0	
0	0	0	0	0	0	0	0	0	
0	0	1.25	0	0	0	0	0	0	
0	0	0	0	0	0	0	0	0	
0	0	0	0	0	0	0	0	0	
0	0	0	0	7.4	0	0	0	0	
0	0	0	0.21	0.42	0	0	0	0	
0	0	0	0	0	0	0	0	0	
0	0	0	0	0	0	0	0	0	
0	0	0	0	0	0	0	0	0	
0	0	0	0	0	0	0	0	0	
0	0	0	0	0	0	0	0	0	
0	0	0	0	0	0	0	0	0	
0	0	0	0	0	0	0	0	0	
0	0	0	0	0.97	0	0	0	0	
0.8	0	0	0	0	0	0	0	0	
0	0	0	0	0	0	0	0	0	
0	0	0	0	0	0	0	0	0	
0	0	0	0	0	0	0	0	0	
0	0	0	0	0	0	0	0	0	
0	0	0.33	0	0	0	0	0	0	
0	0	0	0	1.88	0	0	0	0	
0	0	0	0	0	0	0	0	0	
0	0	0	0	0	0	0	0	0	
0	0	0.21	0.96	0	0.1	0	0	0	
0	0	0	0	0.83	0	0	0	0	
0	0	0	0	0	0	0	0	0	
0	0	0	0	2.12	0	0	0	0	
0	0	0	0	2.04	0	0	0	0	
0	0	0	0	1.64	0	0	0	0	
0.09	0	0.18	0.28	0.93	0	0	0	0	
0	0.6	0	0	0	0	0	0	0	
0	0	0	0.22	0.22	0	0	0	0	
0	0	0.14	0	0.14	0	0	0	0	
0	0	0	0	0	0	0	0	0	
0	0	0.5	0	0.75	0	0	0	0	
0	0	0.5	1.01	0.5	0	0	0	0	
0	0	0	0	0.23	0	0	0	0	
0	0	0	0	0	0	0	0	0	
0	0	0	0	0.56	0	0	0	0	
0	0	0.29	0.59	0.29	0	0	0	0	
0	0	0	0	0	0	0	0	0	
0	0	0.37	0.37	0	0	0	0	0	
0	0	0	0	2.4	0	0	0	0	
0	0	0	0	0	0	0.4	0	0	
0	0	0.48	0	0.1	0	0	0	0	
0	0	0	0	0	0	0	0	0	
0	0	0	0	1.02	0	0	0	0	
0	0	0	0	0	0	0	0	0	
0	0	0	0	0	0	0	0	0	
0	0	0	0.45	0.45	0	0	0	0	
0	0	0	0	0	0	0	0	0	
0	0	3.3	0	0.36	0	0	0	0	
0	0	0.71	0.71	0	0	0	0	0	
0	0	0	0	0	0	0	0	0	
0	0	0.54	0	0.54	0	0	0	0	
0	0	0.58	0	0.58	0	0	0	0	
0	0	0	0	0	0	0	0	0	
0	0	0	0.62	0	0	0	0	0	
0	0	0	0	0	0	0	0	0	
0	0	1.61	0	0	0	0	0	0	
0	0	0	0	1.19	0	0	0	0	
0	0	1.88	0	0	0	0	0	0	
0	0	0	0	2	0	0	0	0	
0	0	1.8	0.3	0.3	0	0	0	0	
0	0	0.32	0	0.32	0	0	0	0	
0	0	0	0.65	0.65	0	0	0	0	
